0.000000000000000000e+00 3.552713678800507240e-15
6.250000000000000000e-02 1.560450628600205253e-02
1.250000000000000000e-01 6.216490544172599553e-02
1.875000000000000000e-01 1.388669001582089058e-01
2.500000000000000000e-01 2.441644809648890746e-01
3.125000000000000000e-01 3.754789973035284611e-01
3.750000000000000000e-01 5.287533950223904933e-01
4.375000000000000000e-01 6.978714068577385188e-01
5.000000000000000000e-01 8.740252042065914662e-01
5.625000000000000000e-01 1.045268158853613460e+00
6.250000000000000000e-01 1.196713922320424173e+00
6.875000000000000000e-01 1.311994121744249231e+00
7.500000000000000000e-01 1.376311812042539717e+00
8.125000000000000000e-01 1.380432635555232990e+00
8.750000000000000000e-01 1.323739602410354932e+00
9.375000000000000000e-01 1.214452206356549047e+00
1.000000000000000000e+00 1.066861426320707240e+00
1.062500000000000000e+00 8.973357202629053120e-01
1.125000000000000000e+00 7.210760774882191138e-01
1.187500000000000000e+00 5.504518448766320127e-01
1.250000000000000000e+00 3.946700832207553078e-01
1.312500000000000000e+00 2.601686940416175209e-01
1.375000000000000000e+00 1.512422003988894426e-01
1.437500000000000000e+00 7.063661796979897600e-02
1.500000000000000000e+00 2.001467019732598024e-02
1.562500000000000000e+00 2.753098357594428833e-04
1.625000000000000000e+00 1.174058010949799793e-02
1.687500000000000000e+00 5.422532544864538950e-02
1.750000000000000000e+00 1.269969220588611780e-01
1.812500000000000000e+00 2.286207970178486260e-01
1.875000000000000000e+00 3.566778054981192825e-01
1.937500000000000000e+00 5.073380237789315572e-01
2.000000000000000000e+00 6.747953530833697977e-01
2.062500000000000000e+00 8.506326453203217897e-01
2.125000000000000000e+00 1.023328536230441177e+00
2.187500000000000000e+00 1.178336352744752791e+00
2.250000000000000000e+00 1.299342473171495760e+00
2.312500000000000000e+00 1.371117266578480098e+00
2.375000000000000000e+00 1.383468514608958033e+00
2.437500000000000000e+00 1.334549361769624021e+00
2.500000000000000000e+00 1.231512768264124480e+00
2.562500000000000000e+00 1.088070218289135527e+00
2.625000000000000000e+00 9.205319315111144540e-01
2.687500000000000000e+00 7.443847395450657878e-01
2.750000000000000000e+00 5.724158537515945389e-01
2.812500000000000000e+00 4.142392150913414284e-01
2.875000000000000000e+00 2.766257492792611461e-01
2.937500000000000000e+00 1.641180557052784039e-01
3.000000000000000000e+00 7.963772547727109019e-02
3.062500000000000000e+00 2.496980256045156638e-02
3.125000000000000000e+00 1.101163495347417653e-03
3.187500000000000000e+00 8.423992506633367142e-03
3.250000000000000000e+00 4.682039497925216676e-02
3.312500000000000000e+00 1.156367201034873143e-01
3.375000000000000000e+00 2.135448776214673161e-01
3.437500000000000000e+00 3.382777205849503699e-01
3.500000000000000000e+00 4.862224078451435894e-01
3.562500000000000000e+00 6.518715361939467767e-01
3.625000000000000000e+00 8.271893272509430739e-01
3.687500000000000000e+00 1.001080128152554094e+00
3.750000000000000000e+00 1.159358360682236189e+00
3.812500000000000000e+00 1.285815982709384020e+00
3.875000000000000000e+00 1.364863060345194112e+00
3.937500000000000000e+00 1.385411142846964649e+00
4.000000000000000000e+00 1.344395794716053638e+00
4.062500000000000000e+00 1.247857765073849157e+00
4.125000000000000000e+00 1.108855961131863133e+00
4.187500000000000000e+00 9.435806265477050259e-01
4.250000000000000000e+00 7.677717507411697673e-01
4.312500000000000000e+00 5.946270327312422888e-01
4.375000000000000000e+00 4.341738823173597606e-01
4.437500000000000000e+00 2.935274862012471342e-01
4.500000000000000000e+00 1.774893702863901968e-01
4.562500000000000000e+00 8.916526001993672901e-02
4.625000000000000000e+00 3.046846084825737336e-02
4.687500000000000000e+00 2.477333143391717736e-03
4.750000000000000000e+00 5.655680053433539446e-03
4.812500000000000000e+00 3.995241956703230596e-02
4.875000000000000000e+00 1.047904500466905198e-01
4.937500000000000000e+00 1.989435277817096781e-01
5.000000000000000000e+00 3.202893465442493426e-01
5.062500000000000000e+00 4.654224081414556347e-01
5.125000000000000000e+00 6.291225854948948593e-01
5.187500000000000000e+00 8.037255335203498108e-01
5.250000000000000000e+00 9.785598664916531630e-01
5.312500000000000000e+00 1.139819075801352888e+00
5.375000000000000000e+00 1.271447568562027897e+00
5.437500000000000000e+00 1.357565997201199082e+00
5.500000000000000000e+00 1.386255187898165486e+00
5.562500000000000000e+00 1.353253413316492404e+00
5.625000000000000000e+00 1.263450120806566490e+00
5.687500000000000000e+00 1.129179735551889108e+00
5.750000000000000000e+00 9.664476811008995139e-01
5.812500000000000000e+00 7.912104441531792043e-01
5.875000000000000000e+00 6.170660980643940530e-01
5.937500000000000000e+00 4.544608844110258894e-01
6.000000000000000000e+00 3.108652480535197271e-01
6.062500000000000000e+00 1.913507031654960444e-01
6.125000000000000000e+00 9.921601271847625692e-02
6.187500000000000000e+00 3.650902386189746468e-02
6.250000000000000000e+00 4.403438079293636731e-03
6.312500000000000000e+00 3.436418634383494632e-03
6.375000000000000000e+00 3.362350170646966757e-02
6.437500000000000000e+00 9.446198341482307803e-02
6.500000000000000000e+00 1.848231423836463050e-01
6.562500000000000000e+00 3.027227045699821262e-01
6.625000000000000000e+00 4.449530973778673126e-01
6.687500000000000000e+00 6.065701570372755702e-01
6.750000000000000000e+00 7.802705322959596623e-01
6.812500000000000000e+00 9.558039680751820866e-01
6.875000000000000000e+00 1.119757742759883490e+00
6.937500000000000000e+00 1.256271557936940120e+00
7.000000000000000000e+00 1.349245510527651737e+00
7.062500000000000000e+00 1.385998328724851847e+00
7.125000000000000000e+00 1.361099006837340752e+00
7.187500000000000000e+00 1.278253704786307621e+00
7.250000000000000000e+00 1.149002394423651152e+00
7.312500000000000000e+00 9.890981027587951724e-01
7.375000000000000000e+00 8.146731246016144512e-01
7.437500000000000000e+00 6.397128468549789782e-01
7.500000000000000000e+00 4.750863032653782625e-01
7.562500000000000000e+00 3.286298582493000775e-01
7.625000000000000000e+00 2.056962508728931993e-01
7.687500000000000000e+00 1.097865224720436933e-01
7.750000000000000000e+00 4.308968566506914816e-02
7.812500000000000000e+00 6.878943272603324673e-03
7.875000000000000000e+00 1.766826410570859849e-03
7.937500000000000000e+00 2.783554858763318679e-02
8.000000000000000000e+00 8.465492073387217986e-02
