0.0 1.0 4 0.0 1.0 8.885446575003545e-30 -0.0
0.1 1.0 4 0.0 0.9999999999999998 0.05584851174604964 0.019932082204367985
0.2 1.0 4 0.0 1.0 0.16625451966314383 0.07885201637965784
0.30000000000000004 1.0 4 0.0 1.0 0.29632164729186455 0.17365192058811252
0.4 1.0 4 0.0 0.9999999999999998 0.42555475928692216 0.2974629235088948
0.5 1.0 4 0.0 1.0 0.5390936371993951 0.4370126021032945
0.6000000000000001 1.0 4 0.0 1.0 0.6259776577072933 0.5697769890749551
0.7000000000000001 1.0 4 0.0 1.0 0.6786324023685925 0.6646677667984415
0.8 1.0 4 0.0 1.0000000000000004 0.6927208139090142 0.692294931724551
0.9 1.0 4 0.0 1.0 0.6671100096372204 0.6428145952643465
1.0 1.0 4 0.0 1.0000000000000004 0.6038677114953512 0.5334307131603536
1.1 1.0 4 0.0 1.0 0.5082702724844519 0.39576216056648345
1.2000000000000002 1.0 4 0.0 1.0 0.3888564397287962 0.25893298841623064
1.3 1.0 4 0.0 1.0 0.257644400578963 0.14256733080115983
1.4000000000000001 1.0 4 0.0 1.0000000000000004 0.13085815703170928 0.05774408806090457
1.5 1.0 4 0.0 1.0000000000000009 0.031498923423452584 0.010007335098661857
1.6 1.0 4 0.0 1.0000000000000013 0.006877833772501093 0.0017052233777830879
1.7000000000000002 1.0 4 0.0 1.0000000000000013 0.08449779268471762 0.03319555344682492
1.8 1.0 4 0.0 1.0000000000000013 0.2032601922714414 0.10304339266966697
1.9000000000000001 1.0 4 0.0 1.0000000000000013 0.3348941298283275 0.20725179602125565
2.0 1.0 4 0.0 1.0000000000000013 0.46089001932914236 0.33739767654168346
2.1 1.0 4 0.0 1.0000000000000013 0.5676219715322531 0.47774900905425954
2.2 1.0 4 0.0 1.0000000000000013 0.6451473795029732 0.6028920350587755
2.3000000000000003 1.0 4 0.0 1.0000000000000013 0.6868448348897813 0.6806474395450639
2.4000000000000004 1.0 4 0.0 1.0000000000000013 0.6893142448680252 0.6855202674427348
2.5 1.0 4 0.0 1.0000000000000013 0.6523573680090108 0.6157563841320615
2.6 1.0 4 0.0 1.0000000000000009 0.5789772489294756 0.49469978738755555
2.7 1.0 4 0.0 1.0000000000000004 0.47539344675207346 0.354651958146214
2.8000000000000003 1.0 4 0.0 1.0000000000000009 0.35112567927201743 0.22220497197427386
2.9000000000000004 1.0 4 0.0 1.0000000000000009 0.2193054373549503 0.11420797543425505
3.0 1.0 4 0.0 1.0000000000000009 0.09770756556760038 0.03981886273863392
3.1 1.0 4 0.0 1.0000000000000004 0.012724002629419019 0.0034578960678087844
3.2 1.0 4 0.0 1.0000000000000004 0.02276257159039787 0.006815028216640785
3.3000000000000003 1.0 4 0.0 1.0000000000000009 0.11648051379729472 0.04974608203274632
3.4000000000000004 1.0 4 0.0 1.0000000000000013 0.24131154932303991 0.13019297350818018
3.5 1.0 4 0.0 1.0000000000000009 0.3729559618939018 0.24311120392256982
3.6 1.0 4 0.0 1.0000000000000013 0.4945589579014997 0.3782697846253311
3.7 1.0 4 0.0 1.0000000000000013 0.5936380063626794 0.5172430392971111
3.8000000000000003 1.0 4 0.0 1.0000000000000013 0.6612406115231778 0.6319283743700517
3.9000000000000004 1.0 4 0.0 1.0000000000000013 0.6916908797811923 0.690240222451714
4.0 1.0 4 0.0 1.0000000000000013 0.6825243824113371 0.6721978973580269
4.1000000000000005 1.0 4 0.0 1.0000000000000013 0.6344774894006795 0.5842694398403554
4.2 1.0 4 0.0 1.0000000000000009 0.5514895583419321 0.45439747618131615
4.3 1.0 4 0.0 1.0000000000000013 0.4407295840809593 0.31425817422818864
4.4 1.0 4 0.0 1.0000000000000009 0.31272225171043583 0.187612402188814
4.5 1.0 4 0.0 1.0000000000000009 0.18179090343185283 0.08874468514319357
4.6000000000000005 1.0 4 0.0 1.0000000000000009 0.06753827729265531 0.025153674689570433
4.7 1.0 4 0.0 1.0000000000000013 0.0015013114810700416 0.00030695795997181445
4.800000000000001 1.0 4 0.0 1.0000000000000009 0.044929034126365605 0.01531153894020331
4.9 1.0 4 0.0 1.0000000000000009 0.15100687981989652 0.06951458908143864
5.0 1.0 4 0.0 1.0000000000000004 0.2799017343570751 0.16014467327212323
5.1000000000000005 1.0 4 0.0 1.0000000000000009 0.4101342912483723 0.28092136319207145
5.2 1.0 4 0.0 1.0000000000000009 0.5262843846051857 0.4195361395593496
5.300000000000001 1.0 4 0.0 1.0000000000000009 0.6169483904114181 0.5547030441381875
5.4 1.0 4 0.0 1.0000000000000009 0.6741444478620098 0.6560786735272859
5.5 1.0 4 0.0 1.0000000000000009 0.6931373871266342 0.6931275939490827
5.6000000000000005 1.0 4 0.0 1.0000000000000013 0.6723977786096886 0.6527627460103861
5.7 1.0 4 0.0 1.0000000000000009 0.6135967217689079 0.5491896503340497
5.800000000000001 1.0 4 0.0 1.0000000000000013 0.5216117237381117 0.4132807432951366
5.9 1.0 4 0.0 1.0000000000000009 0.40457075340969384 0.27507984396973684
6.0 1.0 4 0.0 1.0000000000000004 0.27403760633960444 0.15543262402675798
6.1000000000000005 1.0 4 0.0 1.0000000000000004 0.14563877808516584 0.06631514835317909
6.2 1.0 4 0.0 1.0 0.041231278844145514 0.013807254407110026
6.300000000000001 1.0 4 0.0 1.0 0.0025926961086984693 0.0005654144688558961
6.4 1.0 4 0.0 1.0000000000000004 0.07188585501388432 0.02716402356042732
6.5 1.0 4 0.0 1.0000000000000004 0.18740244756238125 0.09241157119182061
6.6000000000000005 1.0 4 0.0 1.0000000000000004 0.31857027504194513 0.1927059161954531
6.7 1.0 4 0.0 1.0000000000000004 0.4460863866896082 0.32031302369795683
6.800000000000001 1.0 4 0.0 1.0000000000000004 0.5558142657455482 0.46057543397470574
6.9 1.0 4 0.0 1.0 0.6373834329368835 0.589293163977023
7.0 1.0 4 0.0 1.0 0.683769295367106 0.6746227552638256
7.1000000000000005 1.0 4 0.0 1.0 0.6911744828056545 0.689212132558996
7.2 1.0 4 0.0 1.0 0.6590042658420039 0.627822975724623
7.300000000000001 1.0 4 0.0 1.0000000000000004 0.5898648149680408 0.5113684725322043
7.4 1.0 4 0.0 1.0 0.489574949168486 0.3720361263241051
7.5 1.0 4 0.0 1.0 0.36723578194124085 0.237543151632688
7.6000000000000005 1.0 4 0.0 1.0 0.23549842293688564 0.12589416464585887
7.7 1.0 4 0.0 1.0 0.11145215210579588 0.047029103300809984
7.800000000000001 1.0 4 0.0 0.9999999999999996 0.0199059345201589 0.005822341775733677
7.9 1.0 4 0.0 1.0 0.015145773542369085 0.004232378450635018
8.0 1.0 4 0.0 1.0 0.10255926647005909 0.042327460366935125
8.1 1.0 4 0.0 1.0000000000000004 0.22507510473127068 0.11832335654680662
8.200000000000001 1.0 4 0.0 1.0000000000000004 0.35689611236592483 0.22764123704130668
8.3 1.0 4 0.0 1.0000000000000009 0.4804975636955448 0.3608493289721706
8.4 1.0 4 0.0 1.0000000000000009 0.5829210788371247 0.5006898638192848
8.5 1.0 4 0.0 1.0000000000000013 0.6547969364115314 0.6201617515149038
8.6 1.0 4 0.0 1.0000000000000018 0.6900488501887683 0.6869760031792558
8.700000000000001 1.0 4 0.0 1.0000000000000022 0.6858155682731053 0.6786257740360263
8.8 1.0 4 0.0 1.0000000000000022 0.6424369682706333 0.598115113270318
8.9 1.0 4 0.0 1.0000000000000018 0.563455032770388 0.4716366579952918
9.0 1.0 4 0.0 1.0000000000000018 0.45563503353311136 0.3312730671264394
9.1 1.0 4 0.0 1.0000000000000018 0.3290718148569194 0.2020077096262381
9.200000000000001 1.0 4 0.0 1.0000000000000018 0.1975716884215726 0.09918367605168273
9.3 1.0 4 0.0 1.0000000000000018 0.07992036721090877 0.030972736014614952
9.4 1.0 4 0.0 1.0000000000000018 0.005153339570574491 0.0012276431041406465
9.5 1.0 4 0.0 1.0000000000000018 0.03486703261192237 0.01129513958126922
9.600000000000001 1.0 4 0.0 1.0000000000000013 0.13609464390232195 0.06074048433950038
9.700000000000001 1.0 4 0.0 1.0000000000000013 0.263495441518429 0.1471075876293948
9.8 1.0 4 0.0 1.0000000000000013 0.39449279587914365 0.2646652561322045
9.9 1.0 4 0.0 1.0000000000000013 0.513079702122824 0.4020197634617616
10.0 1.0 4 0.0 1.0000000000000009 0.6074013637742219 0.539112819634151
10.100000000000001 1.0 4 0.0 1.0000000000000013 0.6690660926980144 0.6464789641252975
10.200000000000001 1.0 4 0.0 1.0000000000000013 0.6929400878515988 0.6927331094749001
10.3 1.0 4 0.0 1.0000000000000009 0.677097320890244 0.6617186552194885
10.4 1.0 4 0.0 1.0000000000000004 0.6228123281101247 0.5644554939311363
10.5 1.0 4 0.0 1.0000000000000009 0.5345643319392793 0.43077726802700106
10.600000000000001 1.0 4 0.0 1.0000000000000004 0.42007305164732106 0.2915229625455357
10.700000000000001 1.0 4 0.0 1.0000000000000004 0.2904564984378169 0.1687737850190134
10.8 1.0 4 0.0 1.0000000000000004 0.16077208738885915 0.0754522261591893
10.9 1.0 4 0.0 1.0000000000000009 0.05185500618365809 0.01821231038043772
11.0 1.0 4 0.0 1.0000000000000004 0.00023192037248886778 3.9173605353105295e-05
11.100000000000001 1.0 4 0.0 1.0000000000000009 0.05994023162014953 0.021728560283182784
11.200000000000001 1.0 4 0.0 1.0000000000000009 0.17177377800980992 0.08232267045484105
11.3 1.0 4 0.0 1.0000000000000009 0.30218432104401677 0.17858790852484896
11.4 1.0 4 0.0 1.0000000000000009 0.43100511143502845 0.3034352799026404
11.5 1.0 4 0.0 1.0000000000000009 0.543570188658723 0.4432362708724894
11.600000000000001 1.0 4 0.0 1.0000000000000013 0.6290754173453637 0.5750242786452455
11.700000000000001 1.0 4 0.0 1.0000000000000009 0.6800914227032151 0.6674816939119649
11.8 1.0 4 0.0 1.0000000000000009 0.692423260086447 0.6917007356266179
11.9 1.0 4 0.0 1.0000000000000013 0.6650796960791004 0.6390304839190379
12.0 1.0 4 0.0 1.0000000000000009 0.6002701569124709 0.527693904744803
12.100000000000001 1.0 4 0.0 1.0000000000000013 0.5034136359834576 0.3895079257041409
12.200000000000001 1.0 4 0.0 1.0000000000000013 0.3831963178672738 0.2532422231541882
12.3 1.0 4 0.0 1.0000000000000009 0.25180104884351723 0.13808973554763804
12.4 1.0 4 0.0 1.0000000000000009 0.12567306650588606 0.054820827563055445
12.5 1.0 4 0.0 1.0000000000000004 0.02825774619538725 0.008797073915404068
12.600000000000001 1.0 4 0.0 1.0000000000000009 0.008800474063342266 0.0022610166791351026
12.700000000000001 1.0 4 0.0 1.0000000000000004 0.0891514595064562 0.03549389488167024
12.8 1.0 4 0.0 1.0000000000000004 0.2089726068241136 0.10697110583502374
12.9 1.0 4 0.0 1.0 0.3407046555595354 0.21254787465871594
13.0 1.0 4 0.0 1.0 0.4661066871908221 0.3435439556670517
13.100000000000001 1.0 4 0.0 0.9999999999999998 0.5717311673246482 0.4838329477577163
13.200000000000001 1.0 4 0.0 1.0 0.6477870914135972 0.6075752104595675
13.3 1.0 4 0.0 1.0 0.6877967444430848 0.6825220538708213
13.4 1.0 4 0.0 1.0000000000000004 0.6885018942217851 0.6839137621208066
13.5 1.0 4 0.0 1.0 0.6498459348504789 0.611249194762682
13.600000000000001 1.0 4 0.0 1.0 0.5749737257812535 0.4886737295196347
13.700000000000001 1.0 4 0.0 1.0 0.47024824027057355 0.3484711858868121
13.8 1.0 4 0.0 0.9999999999999998 0.3453397385094436 0.21681785530178624
13.9 1.0 4 0.0 0.9999999999999998 0.2135546082332521 0.11015916805692161
14.0 1.0 4 0.0 0.9999999999999996 0.09292407207188587 0.037385170784499225
14.100000000000001 1.0 4 0.0 0.9999999999999996 0.010472183201787237 0.002761487603470218
14.200000000000001 1.0 4 0.0 0.9999999999999996 0.025761824679420422 0.00788551872602655
14.3 1.0 4 0.0 0.9999999999999993 0.12156708410584598 0.052537003900253766
14.4 1.0 4 0.0 0.9999999999999993 0.2471369646812826 0.13455620477585226
14.5 1.0 4 0.0 0.9999999999999998 0.3786557949195388 0.2487241709301876
14.600000000000001 1.0 4 0.0 0.9999999999999996 0.4994982843427911 0.384512644597234
14.700000000000001 1.0 4 0.0 0.9999999999999993 0.5973490146929223 0.5230709770107219
14.8 1.0 4 0.0 0.9999999999999993 0.6634036649334607 0.6359213960848069
14.9 1.0 4 0.0 0.9999999999999996 0.6921291583641613 0.6911138957003996
15.0 1.0 4 0.0 0.9999999999999993 0.681202793253754 0.6696323248701818
15.100000000000001 1.0 4 0.0 0.9999999999999993 0.6315025827368614 0.5791631741543036
15.200000000000001 1.0 4 0.0 0.9999999999999996 0.5471099130589889 0.4482009476691
15.3 1.0 4 0.0 0.9999999999999993 0.43533839763101145 0.30823137596030975
15.4 1.0 4 0.0 0.9999999999999996 0.3068677043287676 0.1825743923015181
15.5 1.0 4 0.0 0.9999999999999998 0.1762105288857088 0.08514752531620158
15.600000000000001 1.0 4 0.0 0.9999999999999996 0.06327898259152753 0.023219575441907035
15.700000000000001 1.0 4 0.0 0.9999999999999996 0.0006763442025585535 0.00012682459167787417
15.8 1.0 4 0.0 0.9999999999999993 0.04873610388592567 0.016892924412935197
15.9 1.0 4 0.0 0.9999999999999993 0.15641775933725197 0.07278592437127415
16.0 1.0 4 0.0 0.9999999999999993 0.28576758873447267 0.1649167341616741
16.1 1.0 4 0.0 0.9999999999999993 0.4156696147049224 0.2867993303528348
16.2 1.0 4 0.0 0.9999999999999996 0.5309065760832252 0.425786465604703
16.3 1.0 4 0.0 0.9999999999999996 0.6202339791239515 0.5601505591057642
16.400000000000002 1.0 4 0.0 0.9999999999999996 0.6758157672598394 0.6592655922352862
16.5 1.0 4 0.0 0.9999999999999998 0.6930590419620316 0.6929709240772067
16.6 1.0 4 0.0 0.9999999999999998 0.6705760369286644 0.6493201567343664
16.7 1.0 4 0.0 1.0 0.6101795289976046 0.5436133380122667
16.8 1.0 4 0.0 1.0 0.516889434023833 0.40702255558174466
16.900000000000002 1.0 4 0.0 1.0 0.3989801511437033 0.26927615183610487
17.0 1.0 4 0.0 0.9999999999999998 0.2681767442306509 0.1507813142918658
17.1 1.0 4 0.0 0.9999999999999998 0.14031565872219787 0.06318794591348999
17.2 1.0 4 0.0 1.0000000000000004 0.03764715122116246 0.012380197426104307
17.3 1.0 4 0.0 1.0000000000000004 0.003926091769064971 0.0009021738228091381
17.400000000000002 1.0 4 0.0 1.0000000000000004 0.07631840154984565 0.029250443217113484
17.5 1.0 4 0.0 1.0 0.19304320616586437 0.09614774961928049
17.6 1.0 4 0.0 0.9999999999999998 0.32441036336816204 0.19785404727234446
17.7 1.0 4 0.0 1.0 0.4514077505018649 0.3263942997071301
17.8 1.0 4 0.0 1.0 0.5600832792320473 0.4667322816151932
17.900000000000002 1.0 4 0.0 1.0 0.6402199391130531 0.5942313793368873
18.0 1.0 4 0.0 1.0000000000000004 0.6849373357298159 0.6769050944121706
18.1 1.0 4 0.0 1.0000000000000004 0.6905800484473168 0.6880304242389996
18.2 1.0 4 0.0 1.0000000000000009 0.6566949864048879 0.6236079229239276
18.3 1.0 4 0.0 1.0000000000000004 0.5860300783478685 0.5054501169796881
18.400000000000002 1.0 4 0.0 1.0000000000000004 0.48454718509284705 0.3658136745535632
18.5 1.0 4 0.0 1.0000000000000004 0.3614965061895698 0.23202117171168407
18.6 1.0 4 0.0 1.0000000000000009 0.22969927392817616 0.121660370214309
18.7 1.0 4 0.0 1.0000000000000013 0.10648454068737043 0.04438633545684112
18.8 1.0 4 0.0 1.0000000000000009 0.017198291278724763 0.0049075396627549
18.900000000000002 1.0 4 0.0 1.0000000000000004 0.01772939063673348 0.005084872894949064
19.0 1.0 4 0.0 1.0000000000000004 0.10747644975641835 0.044910724520100136
19.1 1.0 4 0.0 1.0000000000000004 0.23086185054484024 0.12250477054737101
19.200000000000003 1.0 4 0.0 1.0000000000000009 0.3626497413071395 0.233125578997592
19.3 1.0 4 0.0 1.0000000000000004 0.4855596267322683 0.3670614092820199
19.400000000000002 1.0 4 0.0 1.0000000000000009 0.5868045426591741 0.5066411954641976
19.5 1.0 4 0.0 1.0000000000000009 0.6571642471121049 0.624462466729682
19.6 1.0 4 0.0 1.0000000000000009 0.6907055948074479 0.6882798492768534
19.700000000000003 1.0 4 0.0 1.0000000000000009 0.6847091066145116 0.676458586225779
19.8 1.0 4 0.0 1.0000000000000009 0.6396562974391 0.5932473733077466
19.900000000000002 1.0 4 0.0 1.0000000000000009 0.5592310716522311 0.46549853507313993
20.0 1.0 4 0.0 1.0000000000000009 0.4503427458726608 0.3251718623815772
20.1 1.0 4 0.0 1.0000000000000009 0.3232390715896692 0.19681657760688112
20.200000000000003 1.0 4 0.0 1.0000000000000009 0.1919089622443917 0.09539243299333826
20.3 1.0 4 0.0 1.0000000000000009 0.07542221402940552 0.028825645886802035
20.400000000000002 1.0 4 0.0 1.0000000000000004 0.0036400486589960447 0.0008283135538438473
20.5 1.0 4 0.0 1.0000000000000009 0.03835709001139202 0.01266038100872529
20.6 1.0 4 0.0 1.0000000000000009 0.14138019297388923 0.06380970647401357
20.700000000000003 1.0 4 0.0 1.0000000000000009 0.2693525718914696 0.15170983850717362
20.8 1.0 4 0.0 1.0000000000000009 0.4001041943209649 0.2704377442243598
20.900000000000002 1.0 4 0.0 1.0000000000000013 0.5178410479741447 0.40827857134350565
21.0 1.0 4 0.0 1.0000000000000013 0.610870523216006 0.5447373029012896
21.1 1.0 4 0.0 1.0000000000000009 0.6709476334450901 0.6500210629699116
21.200000000000003 1.0 4 0.0 1.0000000000000009 0.6930810475477137 0.693014926197218
21.3 1.0 4 0.0 1.0000000000000013 0.6754864213128292 0.6586364953736308
21.400000000000002 1.0 4 0.0 1.0000000000000009 0.619579949706545 0.5590627721944464
21.5 1.0 4 0.0 1.0000000000000009 0.5299830773774706 0.42453266083114455
21.6 1.0 4 0.0 1.0000000000000009 0.4145610975310051 0.2856168775952973
21.700000000000003 1.0 4 0.0 1.0000000000000009 0.2845903574163806 0.16395429423267818
21.8 1.0 4 0.0 1.0000000000000009 0.15532857163748 0.07212367986588143
21.900000000000002 1.0 4 0.0 1.0000000000000009 0.04796353019373783 0.016569392736893743
22.0 1.0 4 0.0 1.0000000000000013 0.0008190523832989527 0.00015669135166726433
22.1 1.0 4 0.0 1.0000000000000013 0.06412649867256502 0.023601588790517963
22.200000000000003 1.0 4 0.0 1.0000000000000013 0.17732780958974523 0.08586379467257421
22.3 1.0 4 0.0 1.0000000000000013 0.3080430562106067 0.18358093230277384
22.400000000000002 1.0 4 0.0 1.0000000000000013 0.43642301346302315 0.3094385139068416
22.5 1.0 4 0.0 1.0000000000000013 0.5479931946208406 0.44944584249901326
22.6 1.0 4 0.0 1.0000000000000018 0.632105098231962 0.5801943824196717
22.700000000000003 1.0 4 0.0 1.0000000000000013 0.6814741511297406 0.670158382792361
22.8 1.0 4 0.0 1.0000000000000013 0.6920474730271179 0.6909509852537135
22.900000000000002 1.0 4 0.0 1.0000000000000009 0.6629754761284316 0.6351292145775732
23.0 1.0 4 0.0 1.0000000000000009 0.596609302989541 0.5219052972488177
23.1 1.0 4 0.0 1.0000000000000009 0.4985106826340448 0.3832591803051209
23.200000000000003 1.0 4 0.0 1.0000000000000004 0.37751363760936085 0.2475942088449719
23.3 1.0 4 0.0 1.0000000000000009 0.2459670085845608 0.13367544882354326
23.400000000000002 1.0 4 0.0 1.0000000000000004 0.12054175717775475 0.05197100127326951
23.5 1.0 4 0.0 1.0000000000000004 0.02514878416440412 0.007664455374189778
23.6 1.0 4 0.0 1.0000000000000004 0.01091003192526249 0.0028949790261529754
23.700000000000003 1.0 4 0.0 1.0000000000000009 0.09387842486663074 0.0378675478919856
23.8 1.0 4 0.0 1.0000000000000004 0.21470709459335735 0.11096632233664651
23.900000000000002 1.0 4 0.0 1.0000000000000009 0.34650204842882476 0.217894955457406
24.0 1.0 4 0.0 1.0000000000000009 0.4712840347685139 0.3497101294133645
24.1 1.0 4 0.0 1.0000000000000009 0.5757819121393287 0.4898857994977217
24.200000000000003 1.0 4 0.0 1.0000000000000009 0.6503556765978987 0.6121617318893425
24.3 1.0 4 0.0 1.0000000000000009 0.6886711471889582 0.684248192107991
24.400000000000002 1.0 4 0.0 1.0000000000000013 0.6876119259035927 0.6821577183469488
24.5 1.0 4 0.0 1.0000000000000013 0.6472630421879562 0.6066430446205603
24.6 1.0 4 0.0 1.0000000000000009 0.5709111947793505 0.48261442309718894
24.700000000000003 1.0 4 0.0 1.0000000000000013 0.465062922118935 0.3423088603039826
24.8 1.0 4 0.0 1.0000000000000009 0.33953960318310455 0.2114809289007564
24.900000000000002 1.0 4 0.0 1.0000000000000018 0.20782440415370315 0.1061774578493217
25.0 1.0 4 0.0 1.0000000000000013 0.08821158435967617 0.035026613901680916
25.1 1.0 4 0.0 1.0000000000000013 0.008399306582547774 0.002143208476476724
25.200000000000003 1.0 4 0.0 1.0000000000000009 0.028897759297414706 0.009033726313550254
25.3 1.0 4 0.0 1.0000000000000009 0.12670938010663138 0.055401590440893905
25.400000000000002 1.0 4 0.0 1.0000000000000009 0.2529730047920382 0.13898324724241107
25.5 1.0 4 0.0 1.0000000000000009 0.3843340457073271 0.25438086308768876
25.6 1.0 4 0.0 1.0000000000000009 0.504392014789484 0.390762659771345
25.700000000000003 1.0 4 0.0 1.0000000000000009 0.6009972145921036 0.5288494212719204
25.8 1.0 4 0.0 1.0000000000000009 0.665493079852316 0.6397993639209609
25.900000000000002 1.0 4 0.0 1.0000000000000009 0.6924892498215615 0.6918324722981749
26.0 1.0 4 0.0 1.0000000000000009 0.6798047365642275 0.666927934234524
26.1 1.0 4 0.0 1.0000000000000009 0.6284591995173346 0.57397734166348
26.200000000000003 1.0 4 0.0 1.0000000000000013 0.5426760986439555 0.44198835008081894
26.3 1.0 4 0.0 1.0000000000000013 0.4299138963709942 0.3022342149658323
26.400000000000002 1.0 4 0.0 1.0000000000000013 0.3010080623079791 0.1775927478723939
26.5 1.0 4 0.0 1.0000000000000018 0.17066331274958316 0.08162051087998563
26.6 1.0 4 0.0 1.0000000000000018 0.05911140194547546 0.021361896276784014
26.700000000000003 1.0 4 0.0 1.0000000000000022 0.00015378303084260346 2.5028493610311044e-05
26.8 1.0 4 0.0 1.0000000000000027 0.052648368874798256 0.0185512767288455
26.900000000000002 1.0 4 0.0 1.0000000000000027 0.1618692544245811 0.07612879781472236
27.0 1.0 4 0.0 1.0000000000000027 0.29163365053282336 0.16974805626256503
27.1 1.0 4 0.0 1.0000000000000022 0.42117558856807996 0.2927123305541579
27.200000000000003 1.0 4 0.0 1.0000000000000022 0.5354774705422829 0.4320294017989711
27.3 1.0 4 0.0 1.0000000000000027 0.6234529444915076 0.5655292257775347
27.400000000000002 1.0 4 0.0 1.0000000000000027 0.6774114716602581 0.6623212269794766
27.5 1.0 4 0.0 1.000000000000003 0.6929023639095576 0.6926577070289852
27.6 1.0 4 0.0 1.000000000000003 0.6686795125287939 0.6457533207613144
27.700000000000003 1.0 4 0.0 1.000000000000003 0.606697380295484 0.5379770557483787
27.8 1.0 4 0.0 1.000000000000003 0.5121183689593541 0.40076381403402955
27.900000000000002 1.0 4 0.0 1.000000000000003 0.39336364928925194 0.26351163075116457
28.0 1.0 4 0.0 1.000000000000003 0.26232070864787355 0.1461914499043027
28.1 1.0 4 0.0 1.000000000000003 0.13503977065562917 0.06013331313291179
28.200000000000003 1.0 4 0.0 1.0000000000000036 0.03418117999167 0.011030487260219428
28.3 1.0 4 0.0 1.000000000000003 0.005482924016337326 0.0013172095381877578
28.400000000000002 1.0 4 0.0 1.000000000000003 0.08083271072771951 0.031412746258822226
28.5 1.0 4 0.0 1.000000000000003 0.19871125662572664 0.09995277152133424
28.6 1.0 4 0.0 1.000000000000003 0.33024112386914506 0.2030558820777231
28.700000000000003 1.0 4 0.0 1.0000000000000036 0.45669263453831704 0.3325003385600472
28.8 1.0 4 0.0 1.0000000000000036 0.5642958554432772 0.4728654427102213
28.900000000000002 1.0 4 0.0 1.0000000000000036 0.6429865460298836 0.599081129532806
29.0 1.0 4 0.0 1.0000000000000036 0.68602831938643 0.6790432061731944
29.1 1.0 4 0.0 1.0000000000000036 0.6899076699927451 0.6866960123440631
29.200000000000003 1.0 4 0.0 1.0000000000000036 0.6543131440238309 0.6192859806242456
29.3 1.0 4 0.0 1.0000000000000036 0.5821344468299335 0.49949078693975196
29.400000000000002 1.0 4 0.0 1.0000000000000036 0.4794766059316741 0.3596043926682045
29.5 1.0 4 0.0 1.000000000000004 0.3557394017806562 0.2265463904946459
29.6 1.0 4 0.0 1.000000000000004 0.22391581556010148 0.11749216353665005
29.700000000000003 1.0 4 0.0 1.000000000000004 0.10158028329949229 0.04181803580752473
29.8 1.0 4 0.0 1.0000000000000036 0.014646540250298618 0.004070695493111744
29.900000000000002 1.0 4 0.0 1.0000000000000036 0.020467469423808542 0.006015311038316739
30.0 1.0 4 0.0 1.000000000000003 0.11245645939507158 0.0475684060566971
30.1 1.0 4 0.0 1.000000000000003 0.23666394115206527 0.1267516587239884
30.200000000000003 1.0 4 0.0 1.000000000000003 0.3683852860055144 0.23865689610636848
30.3 1.0 4 0.0 1.0000000000000036 0.4905786849211748 0.37328626879120097
30.400000000000002 1.0 4 0.0 1.0000000000000036 0.5906269800724517 0.512550990011113
30.5 1.0 4 0.0 1.000000000000003 0.6594589194673608 0.628655734461002
30.6 1.0 4 0.0 1.0000000000000036 0.691284375624389 0.6894307989344782
30.700000000000003 1.0 4 0.0 1.0000000000000036 0.6835256242130876 0.6741475061012515
30.8 1.0 4 0.0 1.0000000000000036 0.6368058190538192 0.5882917604397807
30.900000000000002 1.0 4 0.0 1.0000000000000036 0.5549508214211696 0.4593372455598786
31.0 1.0 4 0.0 1.0000000000000036 0.44501418622507016 0.3190957575038202
31.1 1.0 4 0.0 1.000000000000004 0.3173972785701965 0.19167933474343296
31.200000000000003 1.0 4 0.0 1.0000000000000036 0.18627391120614853 0.09167012472316227
31.3 1.0 4 0.0 1.000000000000004 0.07100645863296448 0.02675447744782809
31.400000000000002 1.0 4 0.0 1.0000000000000036 0.0023535870786396936 0.0005072661773515861
31.5 1.0 4 0.0 1.0000000000000036 0.04196437652354733 0.014102945900693284
31.6 1.0 4 0.0 1.0000000000000036 0.14671251836985125 0.06695143274356964
31.700000000000003 1.0 4 0.0 1.000000000000003 0.2752142138913818 0.15637339482543963
31.8 1.0 4 0.0 1.000000000000003 0.4056894582123993 0.2762491364530388
31.900000000000002 1.0 4 0.0 1.000000000000003 0.5225534461533072 0.41453637965636303
32.0 1.0 4 0.0 1.000000000000003 0.6142746117055594 0.5503012255660286
32.1 1.0 4 0.0 1.0000000000000027 0.6727543323487253 0.6534384251935668
32.2 1.0 4 0.0 1.000000000000003 0.6931436709076049 0.6931401612881115
32.300000000000004 1.0 4 0.0 1.000000000000003 0.6737999589620955 0.6554235021933114
32.4 1.0 4 0.0 1.000000000000003 0.6162810560181845 0.553601798680313
32.5 1.0 4 0.0 1.000000000000003 0.5253506908527985 0.4182811325514581
32.6 1.0 4 0.0 1.000000000000003 0.40902002046079106 0.2797461125224217
32.7 1.0 4 0.0 1.000000000000003 0.2787247270065476 0.15919421709142523
32.800000000000004 1.0 4 0.0 1.000000000000003 0.14992610206187704 0.06886674428352296
32.9 1.0 4 0.0 1.0000000000000036 0.0441780614653139 0.015003469454133323
33.0 1.0 4 0.0 1.000000000000003 0.0016998605208278861 0.0003525440263442245
33.1 1.0 4 0.0 1.0000000000000036 0.06840378140617166 0.02555100383572006
33.2 1.0 4 0.0 1.0000000000000036 0.18291459769442675 0.08947498132031222
33.300000000000004 1.0 4 0.0 1.000000000000004 0.3138964083860254 0.18863015071867353
33.4 1.0 4 0.0 1.000000000000004 0.44180738501258826 0.3154710699629213
33.5 1.0 4 0.0 1.000000000000004 0.5523618761569702 0.4556388460849899
33.6 1.0 4 0.0 1.000000000000004 0.6350662039270554 0.5852843219678712
33.7 1.0 4 0.0 1.0000000000000036 0.6827803691634 0.6726958657092913
33.800000000000004 1.0 4 0.0 1.000000000000004 0.6915935116509889 0.6900462651453863
33.9 1.0 4 0.0 1.000000000000004 0.660797686180318 0.631113424704205
34.0 1.0 4 0.0 1.000000000000004 0.5928857651352777 0.5160677729758104
34.1 1.0 4 0.0 1.000000000000004 0.4935623155934106 0.3770180041363243
34.2 1.0 4 0.0 1.000000000000004 0.3718096217576771 0.24199016099810433
34.300000000000004 1.0 4 0.0 1.0000000000000036 0.24014392514676264 0.1293250975176702
34.4 1.0 4 0.0 1.000000000000004 0.1154666672598541 0.049194896410777456
34.5 1.0 4 0.0 1.0000000000000036 0.02217766218926015 0.00660957191269143
34.6 1.0 4 0.0 1.0000000000000036 0.013196647289116164 0.003607060102358891
34.7 1.0 4 0.0 1.000000000000004 0.09867582832125535 0.04031629070884527
34.800000000000004 1.0 4 0.0 1.000000000000004 0.2204618466271261 0.11502853233973159
34.9 1.0 4 0.0 1.000000000000004 0.35228498187459895 0.22329201978985427
35.0 1.0 4 0.0 1.000000000000004 0.47642107335018985 0.35589438222925535
35.1 1.0 4 0.0 1.0000000000000036 0.5797735105492058 0.4959048567580371
35.2 1.0 4 0.0 1.000000000000004 0.6528527199645998 0.616648716048437
35.300000000000004 1.0 4 0.0 1.000000000000004 0.6894679056605549 0.6858245360301646
35.4 1.0 4 0.0 1.000000000000004 0.6866444798440884 0.6802534759642114
35.5 1.0 4 0.0 1.0000000000000036 0.6446091075834239 0.6019408221752026
35.6 1.0 4 0.0 1.000000000000004 0.5667903538738175 0.4765245691342471
35.7 1.0 4 0.0 1.0000000000000036 0.45983848373957203 0.33616678880400347
35.800000000000004 1.0 4 0.0 1.000000000000004 0.33372660325782805 0.2061952056218374
35.9 1.0 4 0.0 1.000000000000004 0.2021166397213629 0.10226335127565936
36.0 1.0 4 0.0 1.0000000000000036 0.08357297896955383 0.032743411966635966
36.1 1.0 4 0.0 1.000000000000004 0.00651547912292568 0.0016031077279232049
36.2 1.0 4 0.0 1.000000000000004 0.03216482294054876 0.010259557164048206
36.300000000000004 1.0 4 0.0 1.000000000000004 0.13190497451878186 0.05833955220896795
36.4 1.0 4 0.0 1.000000000000004 0.25881802898811684 0.14347347003222832
36.5 1.0 4 0.0 1.000000000000004 0.38998949457685195 0.2600800583127493
36.6 1.0 4 0.0 1.000000000000004 0.5092392487263389 0.3970177420186508
36.7 1.0 4 0.0 1.0000000000000036 0.6045819931500908 0.5345754854846085
36.800000000000004 1.0 4 0.0 1.0000000000000036 0.6675085223512465 0.6435596507262826
36.9 1.0 4 0.0 1.000000000000004 0.6927710976971411 0.6923953917952829
37.0 1.0 4 0.0 1.000000000000004 0.6783304332917612 0.6640867107319492
37.1 1.0 4 0.0 1.0000000000000044 0.6253478386604034 0.5687149214063669
37.2 1.0 4 0.0 1.000000000000004 0.5381888965851238 0.4357621465263219
37.300000000000004 1.0 4 0.0 1.0000000000000036 0.424457163513984 0.29626823919056994
37.4 1.0 4 0.0 1.0000000000000036 0.29514477385336174 0.1726683051068365
37.5 1.0 4 0.0 1.0000000000000036 0.16515127886893033 0.07816404670808787
37.6 1.0 4 0.0 1.000000000000004 0.0550390931462269 0.019580799453022844
37.7 1.0 4 0.0 1.0000000000000044 1.1873927630746876e-05 1.577645023239591e-06
37.800000000000004 1.0 4 0.0 1.0000000000000044 0.05666188524580695 0.020286454165367073
37.9 1.0 4 0.0 1.0000000000000044 0.16735924342940864 0.07954283998889623
38.0 1.0 4 0.0 1.0000000000000044 0.297498420988169 0.17463786603032225
38.1 1.0 4 0.0 1.0000000000000044 0.42665109223659237 0.29865891260545796
38.2 1.0 4 0.0 1.0000000000000044 0.5399962532232865 0.43826258801212564
38.300000000000004 1.0 4 0.0 1.0000000000000044 0.6266047554753987 0.5708360682731048
38.400000000000006 1.0 4 0.0 1.0000000000000044 0.6789313082021706 0.6652433783273982
38.5 1.0 4 0.0 1.0000000000000044 0.6926673775226749 0.6921881879496364
38.6 1.0 4 0.0 1.0000000000000044 0.6667085074053746 0.6420647172404963
38.7 1.0 4 0.0 1.0000000000000044 0.6031508562687462 0.532283737888971
38.800000000000004 1.0 4 0.0 1.0000000000000049 0.5072993950426067 0.3945067148888728
38.900000000000006 1.0 4 0.0 1.0000000000000049 0.38772242771702037 0.2577875900525121
39.0 1.0 4 0.0 1.0000000000000044 0.256471081763975 0.14166371520038698
39.1 1.0 4 0.0 1.0000000000000049 0.1298134092618378 0.057151569340688324
39.2 1.0 4 0.0 1.0000000000000049 0.03083813486439011 0.00975823595028065
39.300000000000004 1.0 4 0.0 1.0000000000000053 0.0072481625618363065 0.0018104889142242587
39.400000000000006 1.0 4 0.0 1.0000000000000058 0.08542567657733467 0.033650736527872004
39.5 1.0 4 0.0 1.0000000000000058 0.20440470768020025 0.10382617253477558
39.6 1.0 4 0.0 1.0000000000000058 0.33606118155600856 0.20831048038966077
39.7 1.0 4 0.0 1.0000000000000058 0.4619400116997485 0.33862943711094684
39.800000000000004 1.0 4 0.0 1.0000000000000058 0.5684512636725999 0.47897230483592734
39.900000000000006 1.0 4 0.0 1.0000000000000058 0.6456828041153324 0.6038394724359761
40.0 1.0 4 0.0 1.0000000000000062 0.6870420745017717 0.6810354806116704
40.1 1.0 4 0.0 1.0000000000000062 0.6891574530053484 0.6852099265672885
40.2 1.0 4 0.0 1.0000000000000062 0.6518591218108343 0.6148599514479168
40.300000000000004 1.0 4 0.0 1.0000000000000067 0.5781785832487593 0.493493269038065
40.400000000000006 1.0 4 0.0 1.0000000000000062 0.47436416531514897 0.35341020266775297
40.5 1.0 4 0.0 1.0000000000000062 0.3499657520769397 0.22111990360306177
40.6 1.0 4 0.0 1.0000000000000062 0.2181497866672912 0.11339009970300154
40.7 1.0 4 0.0 1.0000000000000062 0.09674204948871487 0.03932445146940756
40.800000000000004 1.0 4 0.0 1.0000000000000067 0.012258199583158444 0.003311876317992174
40.900000000000006 1.0 4 0.0 1.0000000000000062 0.02335322313257038 0.0070236179386225055
41.0 1.0 4 0.0 1.0000000000000062 0.11749670437616501 0.050300245594555676
41.1 1.0 4 0.0 1.0000000000000067 0.24247966833411266 0.13106344403828524
41.2 1.0 4 0.0 1.0000000000000067 0.3741014825491963 0.24423405579628685
41.300000000000004 1.0 4 0.0 1.0000000000000067 0.4955538006809532 0.3795219358264486
41.400000000000006 1.0 4 0.0 1.000000000000007 0.5943877432568722 0.518416427808562
41.5 1.0 4 0.0 1.000000000000007 0.6616805851333079 0.6327387981421313
41.6 1.0 4 0.0 1.000000000000007 0.691785101816751 0.6904279605693786
41.7 1.0 4 0.0 1.000000000000007 0.6822653076458445 0.6716942617236566
41.800000000000004 1.0 4 0.0 1.0000000000000075 0.6338859974886308 0.5832512335001636
41.900000000000006 1.0 4 0.0 1.0000000000000075 0.5506150279776072 0.4531553585024821
42.0 1.0 4 0.0 1.0000000000000075 0.4396503983665988 0.3130464083213307
42.1 1.0 4 0.0 1.0000000000000075 0.31154783223291993 0.18659688905424834
42.2 1.0 4 0.0 1.0000000000000075 0.180668464350635 0.08801719709127936
42.300000000000004 1.0 4 0.0 1.0000000000000075 0.06667632821756232 0.024759416364719365
42.400000000000006 1.0 4 0.0 1.000000000000007 0.0013134588042148369 0.00026452621435620494
42.5 1.0 4 0.0 1.000000000000007 0.04568440857633272 0.015622713529685556
42.6 1.0 4 0.0 1.0000000000000067 0.15208938022733012 0.0701653293234998
42.7 1.0 4 0.0 1.0000000000000067 0.2810788111667714 0.16109754636913182
42.800000000000004 1.0 4 0.0 1.0000000000000067 0.41124742571315914 0.2820980818414621
42.900000000000006 1.0 4 0.0 1.000000000000007 0.5272160457667594 0.4207909425064213
43.0 1.0 4 0.0 1.000000000000007 0.6176130635335931 0.5558016364930048
43.1 1.0 4 0.0 1.000000000000007 0.6744859021643475 0.656728649069338
43.2 1.0 4 0.0 1.0000000000000067 0.6931279481182493 0.6931087166628902
43.300000000000004 1.0 4 0.0 1.0000000000000067 0.6720382014458167 0.6520819655703222
43.400000000000006 1.0 4 0.0 1.000000000000007 0.6129161929448906 0.5480755412280538
43.5 1.0 4 0.0 1.0000000000000075 0.5206680025830273 0.41202499464671466
43.6 1.0 4 0.0 1.0000000000000075 0.40345095859576835 0.2739120750067768
43.7 1.0 4 0.0 1.000000000000007 0.27286113024762015 0.15449429945595014
43.800000000000004 1.0 4 0.0 1.000000000000007 0.14456684922881516 0.06568177324877582
43.900000000000006 1.0 4 0.0 1.0000000000000075 0.04050275658871645 0.013514673115555584
44.0 1.0 4 0.0 1.000000000000008 0.0028415339414816685 0.0006267162638294004
44.1 1.0 4 0.0 1.000000000000008 0.07276867298879623 0.027576633292621725
44.2 1.0 4 0.0 1.000000000000008 0.18853216036586593 0.0931558083148202
44.300000000000004 1.0 4 0.0 1.000000000000008 0.31974295188952706 0.1937346973205921
44.400000000000006 1.0 4 0.0 1.000000000000008 0.44715715988563465 0.32153135429151636
44.5 1.0 4 0.0 1.000000000000008 0.5566754670728955 0.4618127723412915
44.6 1.0 4 0.0 1.000000000000008 0.6379582503355764 0.5902911237919991
44.7 1.0 4 0.0 1.000000000000008 0.6840098705984489 0.6750922644733068
44.800000000000004 1.0 4 0.0 1.000000000000008 0.6910614471547747 0.6889872791464368
44.900000000000006 1.0 4 0.0 1.000000000000008 0.658546674922346 0.6269858007612795
45.0 1.0 4 0.0 1.000000000000008 0.5891001712179931 0.5101841916350115
45.1 1.0 4 0.0 1.000000000000008 0.48856945121789846 0.3707864353103327
45.2 1.0 4 0.0 1.000000000000008 0.36608550878197116 0.23643126272830392
45.300000000000004 1.0 4 0.0 1.000000000000008 0.23433346755133944 0.1250392889483721
45.400000000000006 1.0 4 0.0 1.0000000000000084 0.11045029120698963 0.046492789267076826
45.5 1.0 4 0.0 1.0000000000000089 0.019350398364172332 0.00563250916318496
45.6 1.0 4 0.0 1.0000000000000089 0.015651522547038263 0.004397203201947106
45.7 1.0 4 0.0 1.0000000000000089 0.10354088658482193 0.0428398919968651
45.800000000000004 1.0 4 0.0 1.0000000000000093 0.22623508161655087 0.11915720895115026
45.900000000000006 1.0 4 0.0 1.0000000000000093 0.358052146146248 0.22873801988164677
46.0 1.0 4 0.0 1.0000000000000093 0.48151682778290383 0.3620948578026001
46.1 1.0 4 0.0 1.0000000000000093 0.5837052796859685 0.5018873804267792
46.2 1.0 4 0.0 1.0000000000000093 0.6552778187315793 0.6210333076457908
46.300000000000004 1.0 4 0.0 1.0000000000000098 0.6901868946680947 0.6872498766116155
46.400000000000006 1.0 4 0.0 1.0000000000000098 0.6855997082511517 0.6782024809663957
46.5 1.0 4 0.0 1.0000000000000098 0.6418845609130818 0.5971454394406577
46.6 1.0 4 0.0 1.0000000000000098 0.562611913600516 0.4704068354858828
46.7 1.0 4 0.0 1.0000000000000098 0.45457593022875437 0.3300467383951355
46.800000000000004 1.0 4 0.0 1.0000000000000098 0.32790208581017505 0.20096166988972802
46.900000000000006 1.0 4 0.0 1.0000000000000093 0.19643315826114482 0.0984173382624628
47.0 1.0 4 0.0 1.0000000000000093 0.07901121591588582 0.030535775558146412
47.1 1.0 4 0.0 1.0000000000000098 0.0048322528379848954 0.0011412280746539397
47.2 1.0 4 0.0 1.0000000000000098 0.03555779559165289 0.011562910536486897
47.300000000000004 1.0 4 0.0 1.0000000000000098 0.13715149287130113 0.061350588493320486
47.400000000000006 1.0 4 0.0 1.0000000000000093 0.2646704195574776 0.14802622210326058
47.5 1.0 4 0.0 1.0000000000000093 0.3956209373006366 0.26582050141492325
47.6 1.0 4 0.0 1.0000000000000093 0.5140390987702019 0.40327576155153116
47.7 1.0 4 0.0 1.0000000000000098 0.6081027498986501 0.5402462629176354
47.800000000000004 1.0 4 0.0 1.0000000000000098 0.6694496707916657 0.6471996831234963
47.900000000000006 1.0 4 0.0 1.0000000000000098 0.692974657811389 0.6928022144136851
48.0 1.0 4 0.0 1.0000000000000098 0.6767801166650894 0.6611107249648105
48.1 1.0 4 0.0 1.0000000000000098 0.6221690114382629 0.5633788935959383
48.2 1.0 4 0.0 1.0000000000000098 0.5336491011452966 0.4295247609288666
48.300000000000004 1.0 4 0.0 1.0000000000000098 0.4189692965661588 0.2903349589408619
48.400000000000006 1.0 4 0.0 1.0000000000000093 0.2892793063214282 0.1678018756474563
48.5 1.0 4 0.0 1.0000000000000093 0.15967648750860328 0.07477852374682208
48.6 1.0 4 0.0 1.0000000000000093 0.05106575199819795 0.017876439198569866
48.7 1.0 4 0.0 1.0000000000000093 0.00032401510412799207 5.6473883524172457e-05
48.800000000000004 1.0 4 0.0 1.0000000000000098 0.06077286854872792 0.022098307224178056
48.900000000000006 1.0 4 0.0 1.0000000000000098 0.17288564357305264 0.08302766811259513
49.0 1.0 4 0.0 1.0000000000000098 0.3033604211003023 0.17958536625615698
49.1 1.0 4 0.0 1.0000000000000093 0.43209501959229 0.30463758849227845
49.2 1.0 4 0.0 1.0000000000000093 0.5444621221993039 0.4444836240570356
49.300000000000004 1.0 4 0.0 1.0000000000000093 0.6296888934040822 0.5760681071245676
49.400000000000006 1.0 4 0.0 1.0000000000000093 0.6803750363053978 0.668029926329044
49.5 1.0 4 0.0 1.0000000000000089 0.6923541196315787 0.6915627339434145
49.6 1.0 4 0.0 1.0000000000000089 0.6646633358407006 0.6382568854528856
49.7 1.0 4 0.0 1.0000000000000089 0.5995405499440417 0.5265363021841748
49.800000000000004 1.0 4 0.0 1.0000000000000084 0.5024333918207672 0.3882534128478249
49.900000000000006 1.0 4 0.0 1.0000000000000084 0.38205768148503505 0.2521053050322751
50.0 1.0 4 0.0 1.0000000000000084 0.2506294678209685 0.13719877353629079
50.1 1.0 4 0.0 1.0000000000000084 0.12463891865878018 0.05424302213066632
50.2 1.0 4 0.0 1.0000000000000084 0.02762305668791151 0.008563548434739115
50.300000000000004 1.0 4 0.0 1.0000000000000084 0.009209164913089818 0.002381972997242419
50.400000000000006 1.0 4 0.0 1.0000000000000084 0.09009428633372984 0.035964208908152814
50.5 1.0 4 0.0 1.0000000000000084 0.21012169835533367 0.10776747243014177
50.6 1.0 4 0.0 1.0000000000000084 0.34186917898243907 0.2136168745141403
50.7 1.0 4 0.0 1.0000000000000084 0.467148868676473 0.34477985237476727
50.800000000000004 1.0 4 0.0 1.0000000000000084 0.5725487858383783 0.4850502205617604
50.900000000000006 1.0 4 0.0 1.000000000000008 0.6483082761192343 0.6085034836835831
51.0 1.0 4 0.0 1.0000000000000084 0.6879784415182448 0.682880409486654
51.1 1.0 4 0.0 1.0000000000000084 0.6883295153254437 0.683573309434573
51.2 1.0 4 0.0 1.0000000000000084 0.6493333151811376 0.6103326721098291
51.300000000000004 1.0 4 0.0 1.0000000000000084 0.5741631629646505 0.4874603206281441
51.400000000000006 1.0 4 0.0 1.0000000000000089 0.4692108303151703 0.34723298539274394
51.5 1.0 4 0.0 1.0000000000000084 0.3441768568793585 0.21574277654801624
51.6 1.0 4 0.0 1.0000000000000089 0.21240295241406643 0.10935471603022454
51.7 1.0 4 0.0 1.0000000000000093 0.09197257863522908 0.03690581961574401
51.800000000000004 1.0 4 0.0 1.0000000000000093 0.010041537475961964 0.0026311426972058737
51.900000000000006 1.0 4 0.0 1.0000000000000093 0.02638036853215004 0.008109711992844765
52.0 1.0 4 0.0 1.0000000000000093 0.12259465509068274 0.05310597325346291
52.1 1.0 4 0.0 1.0000000000000093 0.2483073485918775 0.1354395306542703
52.2 1.0 4 0.0 1.0000000000000093 0.3797970829998263 0.2498558940592214
52.300000000000004 1.0 4 0.0 1.0000000000000089 0.5004840497256139 0.38576639718438194
52.400000000000006 1.0 4 0.0 1.0000000000000089 0.598086196877808 0.5242346635987468
52.5 1.0 4 0.0 1.0000000000000093 0.663828888062457 0.6367089438769986
52.6 1.0 4 0.0 1.0000000000000098 0.6922076948384825 0.6912705595682249
52.7 1.0 4 0.0 1.0000000000000093 0.6809283557680792 0.6691006760508202
52.800000000000004 1.0 4 0.0 1.0000000000000098 0.6308973094517334 0.5781287614882701
52.900000000000006 1.0 4 0.0 1.0000000000000093 0.5462244499074387 0.4469554058148512
53.0 1.0 4 0.0 1.0000000000000093 0.4342524400689326 0.30702543171587604
53.1 1.0 4 0.0 1.0000000000000093 0.3056921472104505 0.18157012238231418
53.2 1.0 4 0.0 1.0000000000000089 0.1750945834546229 0.08443408096497478
53.300000000000004 1.0 4 0.0 1.0000000000000084 0.06243515969479035 0.022840639778917128
53.400000000000006 1.0 4 0.0 1.0000000000000089 0.0005457312615301279 0.00010011272143612462
53.5 1.0 4 0.0 1.0000000000000089 0.04951291353237495 0.01721955579238954
53.6 1.0 4 0.0 1.0000000000000089 0.15750858261369025 0.07345104996830579
53.7 1.0 4 0.0 1.0000000000000089 0.2869448283410396 0.16588156078662142
53.800000000000004 1.0 4 0.0 1.0000000000000089 0.4167769498382122 0.2879831941098132
53.900000000000006 1.0 4 0.0 1.0000000000000089 0.5318280088672334 0.42703997289792833
54.0 1.0 4 0.0 1.0000000000000089 0.620885325385425 0.5612355733164938
54.1 1.0 4 0.0 1.0000000000000084 0.6761420679312001 0.659889401665574
54.2 1.0 4 0.0 1.0000000000000084 0.693033881643355 0.6929206169521297
54.300000000000004 1.0 4 0.0 1.0000000000000089 0.6702014286548584 0.6486142465161681
54.400000000000006 1.0 4 0.0 1.0000000000000084 0.6094859187747852 0.5424869580049491
54.5 1.0 4 0.0 1.0000000000000089 0.5159358557062933 0.40576651764876986
54.6 1.0 4 0.0 1.0000000000000093 0.3978550648662001 0.2681161370915457
54.7 1.0 4 0.0 1.0000000000000089 0.267001110878676 0.14985526472883198
54.800000000000004 1.0 4 0.0 1.0000000000000084 0.13925302646277632 0.0625691079831978
54.900000000000006 1.0 4 0.0 1.0000000000000089 0.03694197015872814 0.012103128848170316
55.0 1.0 4 0.0 1.0000000000000089 0.0042211223143519645 0.0009791865287622208
55.1 1.0 4 0.0 1.0000000000000089 0.07721788156752382 0.029678296620465675
55.2 1.0 4 0.0 1.0000000000000093 0.19417854910889285 0.0969058388221656
55.300000000000004 1.0 4 0.0 1.0000000000000093 0.3255812794305521 0.19889367982988598
55.400000000000006 1.0 4 0.0 1.0000000000000093 0.4524712859395958 0.32761773443158504
55.5 1.0 4 0.0 1.0000000000000093 0.5609332138777269 0.46796507434719387
55.6 1.0 4 0.0 1.0000000000000093 0.6407807657006225 0.5952118225704309
55.7 1.0 4 0.0 1.0000000000000098 0.6851624615076781 0.6773457938238227
55.800000000000004 1.0 4 0.0 1.0000000000000098 0.6904513630119619 0.6877748490136207
55.900000000000006 1.0 4 0.0 1.0000000000000098 0.6562228033370383 0.6227490742445764
56.0 1.0 4 0.0 1.0000000000000098 0.5852531615814603 0.5042573884224666
56.1 1.0 4 0.0 1.0000000000000093 0.4835330191222105 0.36456647034794903
56.2 1.0 4 0.0 1.0000000000000093 0.36034255300782436 0.2309186653539233
56.300000000000004 1.0 4 0.0 1.0000000000000093 0.22853732913694602 0.12081861134977011
56.400000000000006 1.0 4 0.0 1.0000000000000093 0.10549518285782207 0.0438649454773997
56.5 1.0 4 0.0 1.0000000000000093 0.016673468170667605 0.0047333460450455795
56.6 1.0 4 0.0 1.0000000000000084 0.018266708703593766 0.0052653451680191015
56.7 1.0 4 0.0 1.0000000000000084 0.10847088881630863 0.045438110621032375
56.800000000000004 1.0 4 0.0 1.0000000000000084 0.23202504505914834 0.12335180777514754
56.900000000000006 1.0 4 0.0 1.0000000000000084 0.36380224806749684 0.2342318782089707
57.0 1.0 4 0.0 1.000000000000008 0.48657033639823216 0.3683096587993642
57.1 1.0 4 0.0 1.000000000000008 0.5875765492190539 0.507830601216946
57.2 1.0 4 0.0 1.000000000000008 0.6576305824220647 0.6253126831876709
57.300000000000004 1.0 4 0.0 1.0000000000000084 0.6908280012987575 0.6885231163587291
57.400000000000006 1.0 4 0.0 1.0000000000000084 0.6844777756101099 0.6760062827610126
57.5 1.0 4 0.0 1.0000000000000084 0.6390898443720137 0.5922598283372223
57.6 1.0 4 0.0 1.0000000000000084 0.5583765971051944 0.4642638556617374
57.7 1.0 4 0.0 1.0000000000000084 0.4492762804201616 0.3239504360275557
57.800000000000004 1.0 4 0.0 1.0000000000000084 0.3220674152936874 0.19578127830081288
57.900000000000006 1.0 4 0.0 1.0000000000000084 0.19077583277965782 0.09463989262153752
58.0 1.0 4 0.0 1.0000000000000084 0.07452934458044944 0.028403906172013285
58.1 1.0 4 0.0 1.0000000000000089 0.0033631286247153185 0.0007576059559297849
58.2 1.0 4 0.0 1.0000000000000089 0.039071749202590655 0.012943678655722834
58.300000000000004 1.0 4 0.0 1.0000000000000089 0.1424466108962151 0.06443438702612436
58.400000000000006 1.0 4 0.0 1.0000000000000089 0.2705285811795458 0.15264083174064375
58.5 1.0 4 0.0 1.0000000000000093 0.40122718493547616 0.27160090350734434
58.6 1.0 4 0.0 1.0000000000000093 0.5187906906173467 0.4095345469828909
58.7 1.0 4 0.0 1.0000000000000093 0.6115588967977603 0.5458588288828498
58.800000000000004 1.0 4 0.0 1.0000000000000093 0.6713162158230177 0.6507169454895956
58.900000000000006 1.0 4 0.0 1.0000000000000093 0.6930998982615262 0.6930526219243356
59.0 1.0 4 0.0 1.0000000000000093 0.6751540321933864 0.6580021292312263
59.1 1.0 4 0.0 1.0000000000000093 0.6189232414851012 0.5579722366078652
59.2 1.0 4 0.0 1.0000000000000093 0.5290575193972207 0.4232785774561098
59.300000000000004 1.0 4 0.0 1.0000000000000098 0.4134514074438056 0.28443584738860267
59.400000000000006 1.0 4 0.0 1.0000000000000093 0.2834131465968561 0.16299424713822722
59.5 1.0 4 0.0 1.0000000000000093 0.15424103685498508 0.07146431937400358
59.6 1.0 4 0.0 1.0000000000000093 0.04719522514748416 0.016248961872388657
59.7 1.0 4 0.0 1.0000000000000093 0.0009735211214293348 0.00018971290710109842
59.800000000000004 1.0 4 0.0 1.0000000000000098 0.06497767981907551 0.02398667847392297
59.900000000000006 1.0 4 0.0 1.0000000000000098 0.17844640938251208 0.08658288569326543
60.0 1.0 4 0.0 1.0000000000000098 0.3092181912434147 0.18458973550702573
60.1 1.0 4 0.0 1.0000000000000098 0.43750627887943916 0.3106468328608828
60.2 1.0 4 0.0 1.0000000000000102 0.5488742883388851 0.4506900702093953
60.300000000000004 1.0 4 0.0 1.0000000000000102 0.6327048519646907 0.5812223622224181
60.400000000000006 1.0 4 0.0 1.0000000000000098 0.6817424276699057 0.6706788341966566
60.5 1.0 4 0.0 1.0000000000000098 0.6919626393431991 0.6907818333402335
60.6 1.0 4 0.0 1.0000000000000098 0.6625443244058228 0.6343324208372941
60.7 1.0 4 0.0 1.0000000000000098 0.5958670667816144 0.5207376475387083
60.800000000000004 1.0 4 0.0 1.0000000000000098 0.49752125194122265 0.38200602098213166
60.900000000000006 1.0 4 0.0 1.0000000000000102 0.3763706210022449 0.2464660175215388
61.0 1.0 4 0.0 1.0000000000000098 0.24479749367468287 0.13279726779969794
61.1 1.0 4 0.0 1.0000000000000102 0.11951869418795048 0.05140796765798885
61.2 1.0 4 0.0 1.0000000000000102 0.02454129360840453 0.0074465226622466634
61.300000000000004 1.0 4 0.0 1.0000000000000102 0.011355007885161817 0.0030316165380705595
61.400000000000006 1.0 4 0.0 1.0000000000000107 0.09483561416020041 0.03835294911540578
61.5 1.0 4 0.0 1.0000000000000107 0.2158603969653775 0.11177617469465692
61.6 1.0 4 0.0 1.000000000000011 0.3476637759709798 0.21897406868932837
61.7 1.0 4 0.0 1.000000000000011 0.472318205862162 0.3509498011679916
61.800000000000004 1.0 4 0.0 1.0000000000000115 0.5765877164590354 0.49109650857553905
61.900000000000006 1.0 4 0.0 1.0000000000000115 0.6508625371083917 0.6130702602701367
62.0 1.0 4 0.0 1.0000000000000115 0.68883727315561 0.6845765890901937
62.1 1.0 4 0.0 1.000000000000012 0.6874239870703467 0.6817874140916556
62.2 1.0 4 0.0 1.000000000000012 0.6467361318568151 0.6057070095943912
62.300000000000004 1.0 4 0.0 1.0000000000000115 0.5700888738839328 0.4813946683051159
62.400000000000006 1.0 4 0.0 1.0000000000000115 0.46401758151760597 0.3410745807619292
62.5 1.0 4 0.0 1.000000000000012 0.33837403265671245 0.21041604533315464
62.6 1.0 4 0.0 1.0000000000000115 0.2066771051007404 0.10538653251204302
62.7 1.0 4 0.0 1.0000000000000115 0.08727468440048022 0.03456236771476833
62.800000000000004 1.0 4 0.0 1.000000000000012 0.008005748074391533 0.0020285487650929857
62.900000000000006 1.0 4 0.0 1.000000000000012 0.029543052279905436 0.009273504848791927
63.0 1.0 4 0.0 1.000000000000012 0.12774784001957368 0.05598530838904561
63.1 1.0 4 0.0 1.0000000000000124 0.2541453224819057 0.1398793034576913
63.2 1.0 4 0.0 1.000000000000012 0.38547085519798124 0.2555212148501072
63.300000000000004 1.0 4 0.0 1.000000000000012 0.5053685210033946 0.3920175980385428
63.400000000000006 1.0 4 0.0 1.000000000000012 0.6017217180696093 0.5300028283668903
63.5 1.0 4 0.0 1.000000000000012 0.6659034845012336 0.6405635043919521
63.6 1.0 4 0.0 1.0000000000000124 0.6925520884202961 0.691957939816335
63.7 1.0 4 0.0 1.0000000000000124 0.6795149797138091 0.6663686636243008
63.800000000000004 1.0 4 0.0 1.0000000000000124 0.6278402439921466 0.5729273202656515
63.900000000000006 1.0 4 0.0 1.0000000000000124 0.5417798585121943 0.4407398814635285
64.0 1.0 4 0.0 1.000000000000012 0.4288213832006772 0.3010344060698375
64.10000000000001 1.0 4 0.0 1.0000000000000124 0.29983165665775274 0.17659989097657394
64.2 1.0 4 0.0 1.0000000000000124 0.1695542642639493 0.08092119261452453
64.3 1.0 4 0.0 1.0000000000000124 0.0582864087015886 0.020998316490098822
64.4 1.0 4 0.0 1.0000000000000124 9.031619303263836e-05 1.4038592937921154e-05
64.5 1.0 4 0.0 1.0000000000000124 0.05344580874135703 0.018893337073568616
64.60000000000001 1.0 4 0.0 1.0000000000000124 0.1629679715972779 0.07680823568526618
64.7 1.0 4 0.0 1.0000000000000124 0.29281075055804273 0.17072468305096175
64.8 1.0 4 0.0 1.0000000000000129 0.42227689831873566 0.2939030511202533
64.9 1.0 4 0.0 1.0000000000000133 0.5363885104109374 0.43328114303987225
65.0 1.0 4 0.0 1.0000000000000129 0.6240908563305139 0.5666000650668508
65.10000000000001 1.0 4 0.0 1.0000000000000133 0.6777225669711748 0.662918422718437
65.2 1.0 4 0.0 1.0000000000000138 0.6928614862233617 0.6925760094522979
65.3 1.0 4 0.0 1.0000000000000133 0.6682899327644215 0.6450227732699889
65.4 1.0 4 0.0 1.0000000000000138 0.6059908041949967 0.5368389949266275
65.5 1.0 4 0.0 1.0000000000000138 0.511155106324894 0.3995079308844404
65.60000000000001 1.0 4 0.0 1.0000000000000138 0.39223350711543775 0.26235963574279036
65.7 1.0 4 0.0 1.0000000000000138 0.2611462338032069 0.14527781439002502
65.8 1.0 4 0.0 1.0000000000000138 0.1339868918353379 0.05952907741589313
65.9 1.0 4 0.0 1.0000000000000138 0.03350027709263752 0.01076895445568315
66.0 1.0 4 0.0 1.0000000000000142 0.005820894086238443 0.0014099270923830405
66.10000000000001 1.0 4 0.0 1.0000000000000138 0.08174822167780409 0.03185580467688197
66.2 1.0 4 0.0 1.0000000000000142 0.19985184768825331 0.10072462086798047
66.3 1.0 4 0.0 1.0000000000000147 0.3314100017913824 0.20410617955770893
66.4 1.0 4 0.0 1.000000000000015 0.45774872498805674 0.3337285388031619
66.5 1.0 4 0.0 1.0000000000000147 0.5651343757544323 0.47409316840188487
66.60000000000001 1.0 4 0.0 1.0000000000000147 0.6435332905971959 0.6000434645003093
66.7 1.0 4 0.0 1.000000000000015 0.686237960242011 0.6794547646891786
66.8 1.0 4 0.0 1.0000000000000147 0.6897633549728447 0.6864099127965567
66.9 1.0 4 0.0 1.0000000000000147 0.6538264447045266 0.6184060177422397
67.0 1.0 4 0.0 1.0000000000000147 0.5813453890618542 0.4982901722181791
67.10000000000001 1.0 4 0.0 1.0000000000000147 0.4784539622418241 0.3583600642909645
67.2 1.0 4 0.0 1.0000000000000147 0.3545820248152511 0.2254534889980544
67.3 1.0 4 0.0 1.0000000000000147 0.22275722823986643 0.11666363434863643
67.4 1.0 4 0.0 1.0000000000000147 0.10060395886583778 0.04131162028324471
67.5 1.0 4 0.0 1.0000000000000147 0.01415388557216354 0.0039121548501855835
67.60000000000001 1.0 4 0.0 1.0000000000000142 0.021034950013177345 0.0062114163239004525
67.7 1.0 4 0.0 1.0000000000000142 0.11346319233932316 0.04811069540500832
67.8 1.0 4 0.0 1.0000000000000142 0.23783000847220312 0.12761176645932698
67.9 1.0 4 0.0 1.0000000000000147 0.36953401081182347 0.2397724868955127
68.0 1.0 4 0.0 1.0000000000000147 0.4915806509414854 0.37453684664261966
68.10000000000001 1.0 4 0.0 1.0000000000000142 0.591386661335898 0.5137317211971105
68.2 1.0 4 0.0 1.0000000000000147 0.6599106328611841 0.6294840548220105
68.3 1.0 4 0.0 1.0000000000000142 0.6913911249166016 0.6896432714417038
68.4 1.0 4 0.0 1.0000000000000147 0.6832788586839701 0.6736665312645991
68.5 1.0 4 0.0 1.0000000000000142 0.6362254124792887 0.5872869371329551
68.60000000000001 1.0 4 0.0 1.000000000000015 0.5540851401690539 0.45809822774161885
68.7 1.0 4 0.0 1.000000000000015 0.4439405669728366 0.31787956896487596
68.8 1.0 4 0.0 1.0000000000000155 0.31622397381845774 0.19065496021746853
68.9 1.0 4 0.0 1.000000000000015 0.18514656699114723 0.09093147246305655
69.0 1.0 4 0.0 1.000000000000015 0.07013051026635672 0.026347996427484352
69.10000000000001 1.0 4 0.0 1.000000000000015 0.0021243788551299192 0.0004522715732832408
69.2 1.0 4 0.0 1.0000000000000155 0.04270201411625104 0.01440174659701793
69.3 1.0 4 0.0 1.0000000000000155 0.14778805212606785 0.06759062368247354
69.4 1.0 4 0.0 1.0000000000000155 0.27639094039316014 0.15731660604156225
69.5 1.0 4 0.0 1.0000000000000155 0.4068070636621354 0.2774199414251259
69.60000000000001 1.0 4 0.0 1.0000000000000155 0.5234931629935846 0.4157918854457749
69.7 1.0 4 0.0 1.0000000000000155 0.6149498582228384 0.5514102430316453
69.8 1.0 4 0.0 1.0000000000000155 0.6731078603810899 0.6541089839237222
69.9 1.0 4 0.0 1.0000000000000155 0.6931467994215071 0.693146418283456
70.0 1.0 4 0.0 1.0000000000000155 0.6734524376670921 0.6547631538115743
70.10000000000001 1.0 4 0.0 1.000000000000016 0.615611064805848 0.5524979240793733
70.2 1.0 4 0.0 1.000000000000016 0.5244149712610708 0.41702594003239246
70.3 1.0 4 0.0 1.000000000000016 0.40790462259648225 0.2785723410932265
70.4 1.0 4 0.0 1.000000000000016 0.2775478014904013 0.15824618378150446
70.5 1.0 4 0.0 1.000000000000016 0.148847064630254 0.06822179774809178
70.60000000000001 1.0 4 0.0 1.0000000000000164 0.04343152478689592 0.014698506118662271
70.7 1.0 4 0.0 1.000000000000016 0.0019088867097222276 0.0004012842694009141
70.8 1.0 4 0.0 1.0000000000000164 0.06927281341322004 0.025951402385215618
70.9 1.0 4 0.0 1.0000000000000164 0.18403953123065558 0.09020808216445113
71.0 1.0 4 0.0 1.0000000000000164 0.3150702907973365 0.1896501275588375
71.10000000000001 1.0 4 0.0 1.0000000000000169 0.44288379259007343 0.3166850825205313
71.2 1.0 4 0.0 1.0000000000000169 0.5532319752714299 0.45687944781030876
71.3 1.0 4 0.0 1.0000000000000169 0.6356521371951588 0.5862958558708927
71.4 1.0 4 0.0 1.0000000000000164 0.6830332662751373 0.6731881518915963
71.5 1.0 4 0.0 1.0000000000000164 0.6914929980412096 0.6898460947226367
71.60000000000001 1.0 4 0.0 1.0000000000000164 0.6603518119625283 0.6302939710097355
71.7 1.0 4 0.0 1.000000000000016 0.5921310246893642 0.5148906518813005
71.8 1.0 4 0.0 1.000000000000016 0.4925638812054001 0.3757666106969749
71.9 1.0 4 0.0 1.000000000000016 0.3706624722006908 0.24087093648096944
72.0 1.0 4 0.0 1.0000000000000155 0.23897680937161964 0.1284598209125442
72.10000000000001 1.0 4 0.0 1.0000000000000155 0.11445518510953717 0.04864669092669225
72.2 1.0 4 0.0 1.0000000000000155 0.02159854490850909 0.006407249696999471
72.3 1.0 4 0.0 1.0000000000000155 0.013676065555289775 0.003759367942635651
72.4 1.0 4 0.0 1.0000000000000155 0.09964681549788265 0.04081673347919324
72.5 1.0 4 0.0 1.000000000000016 0.2216190001754067 0.11585176610539948
72.60000000000001 1.0 4 0.0 1.0000000000000155 0.35344364935326267 0.22438103848676771
72.7 1.0 4 0.0 1.0000000000000155 0.47744703727200566 0.3571374597821189
72.8 1.0 4 0.0 1.0000000000000155 0.5805673626295339 0.4971084549116533
72.9 1.0 4 0.0 1.0000000000000155 0.6533451744620654 0.6175369242158539
73.0 1.0 4 0.0 1.000000000000015 0.6896184344108056 0.6861227229141109
73.10000000000001 1.0 4 0.0 1.000000000000015 0.6864410106344924 0.6798536018951328
73.2 1.0 4 0.0 1.000000000000015 0.6440679918707256 0.6009858573914733
73.3 1.0 4 0.0 1.0000000000000142 0.5659564164805381 0.47529900652880813
73.4 1.0 4 0.0 1.0000000000000142 0.45878541309844423 0.33493678804881
73.5 1.0 4 0.0 1.0000000000000142 0.33255861278721704 0.20514071705650724
73.60000000000001 1.0 4 0.0 1.0000000000000142 0.20097406502167922 0.10148605225946791
73.7 1.0 4 0.0 1.0000000000000142 0.08265125963142878 0.03229431375945144
73.8 1.0 4 0.0 1.0000000000000147 0.006161197114215448 0.0015041422895185205
73.9 1.0 4 0.0 1.0000000000000147 0.03283579224247146 0.010514901309743122
74.0 1.0 4 0.0 1.000000000000015 0.13295384269956922 0.05893795931776278
74.10000000000001 1.0 4 0.0 1.0000000000000147 0.2599919539904759 0.14438212756609034
74.2 1.0 4 0.0 1.0000000000000142 0.3911215825783056 0.2612287894899077
74.3 1.0 4 0.0 1.0000000000000147 0.5102063166387697 0.3982734418978662
74.4 1.0 4 0.0 1.0000000000000147 0.6052936964201425 0.5357180313071753
74.5 1.0 4 0.0 1.0000000000000147 0.6679040429876553 0.6442998630070629
74.60000000000001 1.0 4 0.0 1.0000000000000147 0.6928182285696511 0.6924895649986493
74.7 1.0 4 0.0 1.0000000000000147 0.6780254028962964 0.6635002271335435
74.8 1.0 4 0.0 1.0000000000000147 0.6247153025067531 0.5676498893532791
74.9 1.0 4 0.0 1.0000000000000142 0.5372820378410212 0.4345112407440091
75.0 1.0 4 0.0 1.0000000000000147 0.42335831383416395 0.2950748717358735
75.10000000000001 1.0 4 0.0 1.0000000000000147 0.29396781259416715 0.17168702606758288
75.2 1.0 4 0.0 1.0000000000000147 0.16404953781733925 0.07747893408930334
75.3 1.0 4 0.0 1.0000000000000147 0.05423365977680014 0.019232607132076182
75.4 1.0 4 0.0 1.0000000000000147 4.312151446382595e-05 6.310575113512164e-06
75.5 1.0 4 0.0 1.000000000000015 0.0574791835548093 0.02064391410245321
75.60000000000001 1.0 4 0.0 1.000000000000015 0.16846543345814213 0.08023651439857611
75.7 1.0 4 0.0 1.0000000000000147 0.2986750830522966 0.1756261349132639
75.8 1.0 4 0.0 1.000000000000015 0.4277461534699506 0.29985619433448424
75.9 1.0 4 0.0 1.0000000000000147 0.5408967382170135 0.4395120847256897
76.0 1.0 4 0.0 1.0000000000000147 0.6272291278127364 0.5718921349128276
76.10000000000001 1.0 4 0.0 1.000000000000015 0.6792271488877875 0.6658135284469077
76.2 1.0 4 0.0 1.000000000000015 0.6926107888754397 0.6920751638306689
76.3 1.0 4 0.0 1.000000000000015 0.6663040182354338 0.6413100373663446
76.4 1.0 4 0.0 1.0000000000000155 0.6024314323032598 0.5311345831951474
76.5 1.0 4 0.0 1.000000000000015 0.5063266235515402 0.3932514222658231
76.60000000000001 1.0 4 0.0 1.0000000000000147 0.3865874682492696 0.2566438734193116
76.7 1.0 4 0.0 1.0000000000000142 0.255298085580619 0.14076262852406451
76.80000000000001 1.0 4 0.0 1.0000000000000142 0.12877075031481966 0.05656199849677638
76.9 1.0 4 0.0 1.0000000000000147 0.030182498920441194 0.009512260544228717
77.0 1.0 4 0.0 1.0000000000000142 0.007626369889075251 0.0019189040021720574
77.10000000000001 1.0 4 0.0 1.0000000000000142 0.08635660659058017 0.03410895952282057
77.2 1.0 4 0.0 1.0000000000000142 0.20555017100371087 0.10461168693798374
77.30000000000001 1.0 4 0.0 1.0000000000000142 0.33722774752628565 0.20937125081664784
77.4 1.0 4 0.0 1.0000000000000142 0.46298845270623357 0.3398620562957895
77.5 1.0 4 0.0 1.0000000000000142 0.5692782245320481 0.4801944349709611
77.60000000000001 1.0 4 0.0 1.0000000000000147 0.6462153779264287 0.6047831107340115
77.7 1.0 4 0.0 1.0000000000000147 0.6872361974301702 0.681417587306691
77.80000000000001 1.0 4 0.0 1.0000000000000142 0.6889975310645643 0.6848935229994998
77.9 1.0 4 0.0 1.0000000000000142 0.6513579846055655 0.6139594410275094
78.0 1.0 4 0.0 1.0000000000000142 0.5773775190058211 0.49228532389798213
78.10000000000001 1.0 4 0.0 1.0000000000000142 0.4733332368988202 0.3521691308621854
78.2 1.0 4 0.0 1.0000000000000142 0.3488052108477531 0.22003682319120854
78.30000000000001 1.0 4 0.0 1.0000000000000147 0.2169949089162581 0.11257490943174152
78.4 1.0 4 0.0 1.0000000000000147 0.09577930245525423 0.03883305878620081
78.5 1.0 4 0.0 1.0000000000000147 0.011799307578442652 0.0031690013214800417
78.60000000000001 1.0 4 0.0 1.000000000000015 0.023949567551393706 0.0072353403974968426
78.7 1.0 4 0.0 1.0000000000000147 0.1185152187459422 0.05085738488078519
78.80000000000001 1.0 4 0.0 1.0000000000000147 0.24364826865289213 0.1319365042311155
78.9 1.0 4 0.0 1.000000000000015 0.3752461736890419 0.24535870710940502
79.0 1.0 4 0.0 1.000000000000015 0.4965468365045306 0.38077444133462013
79.10000000000001 1.0 4 0.0 1.0000000000000147 0.5951349707233731 0.5195879154343231
79.2 1.0 4 0.0 1.0000000000000147 0.6621176041728438 0.6335446742296119
79.30000000000001 1.0 4 0.0 1.000000000000015 0.6918761771625112 0.6906094736179273
79.4 1.0 4 0.0 1.0000000000000155 0.6820031465137332 0.6711849738417042
79.5 1.0 4 0.0 1.0000000000000155 0.6332917320835257 0.5822297269712865
79.60000000000001 1.0 4 0.0 1.000000000000016 0.5497382912359164 0.4519125133903892
79.7 1.0 4 0.0 1.000000000000016 0.43856983646376196 0.3118357851847628
79.80000000000001 1.0 4 0.0 1.0000000000000155 0.31037316144572386 0.18558361835823323
79.9 1.0 4 0.0 1.0000000000000155 0.1795472964131321 0.08729252059895458
80.0 1.0 4 0.0 1.000000000000015 0.06581796151498406 0.02436823026553634
