0.000000000000000000e+00 -0.000000000000000000e+00
2.500000000000000000e-01 4.972700231995880182e-01
5.000000000000000000e-01 1.841011800043610869e+00
7.500000000000000000e-01 3.192311220327347154e+00
1.000000000000000000e+00 4.094595977557004218e+00
1.250000000000000000e+00 5.106466667511979196e+00
1.500000000000000000e+00 5.460054505052567286e+00
1.750000000000000000e+00 4.726277967164227434e+00
2.000000000000000000e+00 3.862211279950438669e+00
2.250000000000000000e+00 3.152760249348994126e+00
2.500000000000000000e+00 1.844869548977028373e+00
2.750000000000000000e+00 6.180469356966176164e-01
3.000000000000000000e+00 2.258375284936403327e-01
3.250000000000000000e+00 8.802217161666648915e-01
3.500000000000000000e+00 2.368726095656565445e+00
3.750000000000000000e+00 3.618553120980234628e+00
4.000000000000000000e+00 4.428699981712238554e+00
4.250000000000000000e+00 5.053768157969064312e+00
4.500000000000000000e+00 4.885471417867067956e+00
4.750000000000000000e+00 4.264047776730610195e+00
5.000000000000000000e+00 3.958028522509793756e+00
5.250000000000000000e+00 3.570072928642859633e+00
5.500000000000000000e+00 2.315480341128395736e+00
5.750000000000000000e+00 1.161473037658582230e+00
6.000000000000000000e+00 9.017092042487583337e-01
6.250000000000000000e+00 1.779215384371630071e+00
6.500000000000000000e+00 3.277805587416365629e+00
6.750000000000000000e+00 4.129126893003809862e+00
7.000000000000000000e+00 4.536686497355668202e+00
7.250000000000000000e+00 4.531995052928994738e+00
7.500000000000000000e+00 4.178175177809491991e+00
7.750000000000000000e+00 4.069422815790550985e+00
8.000000000000000000e+00 4.459647206233460004e+00
8.250000000000000000e+00 4.332421620200457291e+00
8.500000000000000000e+00 3.072953525669763319e+00
8.750000000000000000e+00 2.000730997439210235e+00
9.000000000000000000e+00 1.925376285844925039e+00
9.250000000000000000e+00 2.944098655322836766e+00
9.500000000000000000e+00 4.064469667720813639e+00
9.750000000000000000e+00 4.362892129279784648e+00
1.000000000000000000e+01 4.327995242762279204e+00
1.025000000000000000e+01 3.890972062921708829e+00
1.050000000000000000e+01 3.691467797151510410e+00
1.075000000000000000e+01 4.191142699411193995e+00
1.100000000000000000e+01 5.138281916668534954e+00
1.125000000000000000e+01 5.053193063149454822e+00
1.150000000000000000e+01 3.770328705457667073e+00
1.175000000000000000e+01 2.859289009387155911e+00
1.200000000000000000e+01 2.956693665352766676e+00
1.225000000000000000e+01 3.833422535971033440e+00
1.250000000000000000e+01 4.349902344846372948e+00
1.275000000000000000e+01 4.360120606374358054e+00
1.300000000000000000e+01 3.936221690289686492e+00
1.325000000000000000e+01 3.237523118445129633e+00
1.350000000000000000e+01 3.261454312897732688e+00
1.375000000000000000e+01 4.207526179530224120e+00
1.400000000000000000e+01 5.379150094350534594e+00
1.425000000000000000e+01 5.167217411584779541e+00
1.450000000000000000e+01 4.037373531476814215e+00
1.475000000000000000e+01 3.459099710351584367e+00
1.500000000000000000e+01 3.700684465018297065e+00
1.525000000000000000e+01 4.254412938244420239e+00
1.550000000000000000e+01 4.374694619955825203e+00
1.575000000000000000e+01 4.163873027790238268e+00
1.600000000000000000e+01 3.189493964797903480e+00
1.625000000000000000e+01 2.342648391581019229e+00
1.650000000000000000e+01 2.559313883624102282e+00
1.675000000000000000e+01 3.717237087068788082e+00
1.700000000000000000e+01 4.859601289526038315e+00
1.725000000000000000e+01 4.653472798002922239e+00
1.750000000000000000e+01 4.013338328509071573e+00
1.775000000000000000e+01 3.952305808394292352e+00
1.800000000000000000e+01 4.303889690640661847e+00
1.825000000000000000e+01 4.454690134031225490e+00
1.850000000000000000e+01 4.217971977705175846e+00
1.875000000000000000e+01 3.471297522930485435e+00
1.900000000000000000e+01 2.053123890289955789e+00
1.925000000000000000e+01 1.299148331199166506e+00
1.950000000000000000e+01 1.698068664229042124e+00
1.975000000000000000e+01 2.938273328234606740e+00
2.000000000000000000e+01 4.044007566680385857e+00
2.025000000000000000e+01 4.116878747460112287e+00
2.050000000000000000e+01 4.181770282514976067e+00
2.075000000000000000e+01 4.629729764445541740e+00
2.100000000000000000e+01 4.839450573854112037e+00
2.125000000000000000e+01 4.400649364457959400e+00
2.150000000000000000e+01 3.717354252779423440e+00
2.175000000000000000e+01 2.459890223984723789e+00
2.200000000000000000e+01 1.006619069948327505e+00
2.225000000000000000e+01 4.743500772551356159e-01
2.250000000000000000e+01 1.011987218089819285e+00
2.275000000000000000e+01 2.307049648091250127e+00
2.300000000000000000e+01 3.460713667856470277e+00
2.325000000000000000e+01 3.949114258956729184e+00
2.350000000000000000e+01 4.666978567933727895e+00
2.375000000000000000e+01 5.310051748107785130e+00
2.400000000000000000e+01 5.004814484780232497e+00
2.425000000000000000e+01 4.073087099564544289e+00
2.450000000000000000e+01 3.143098066152895775e+00
2.475000000000000000e+01 1.706263957423808986e+00
2.500000000000000000e+01 4.160516249611904693e-01
2.525000000000000000e+01 6.108556347851203799e-02
2.550000000000000000e+01 6.995631317690055306e-01
2.575000000000000000e+01 2.081721143211641145e+00
2.600000000000000000e+01 3.309098262160225179e+00
2.625000000000000000e+01 4.135639491293394698e+00
2.650000000000000000e+01 5.157070752032473671e+00
2.675000000000000000e+01 5.514330622297515916e+00
2.700000000000000000e+01 4.728067499399339901e+00
2.725000000000000000e+01 3.778847261937467561e+00
2.750000000000000000e+01 2.893988921456245311e+00
2.775000000000000000e+01 1.478627146890969080e+00
2.800000000000000000e+01 3.370581832917305398e-01
2.825000000000000000e+01 9.439858114285336332e-02
2.850000000000000000e+01 8.682919647218142467e-01
2.875000000000000000e+01 2.369749754487150195e+00
2.900000000000000000e+01 3.572496033721750841e+00
2.925000000000000000e+01 4.470703734908709315e+00
2.950000000000000000e+01 5.246831906392507960e+00
2.975000000000000000e+01 5.095899172910946184e+00
3.000000000000000000e+01 4.308210844342173829e+00
3.025000000000000000e+01 3.785383530348305658e+00
3.050000000000000000e+01 3.114715140836018747e+00
3.075000000000000000e+01 1.760360814246654915e+00
3.100000000000000000e+01 7.108110380057637290e-01
3.125000000000000000e+01 5.924763780771440391e-01
3.150000000000000000e+01 1.576035369114302531e+00
3.175000000000000000e+01 3.111865415867647311e+00
3.200000000000000000e+01 4.042164011744435292e+00
