0.000000000000000000e+00 -0.000000000000000000e+00
1.000000000000000056e-01 7.954754392000859542e-02
2.000000000000000111e-01 3.102301367253665898e-01
2.999999999999999889e-01 6.483303423831727752e-01
4.000000000000000222e-01 9.729203266696547781e-01
5.000000000000000000e-01 1.155564792950397157e+00
5.999999999999999778e-01 1.254276832240700301e+00
6.999999999999999556e-01 1.402588695790712547e+00
8.000000000000000444e-01 1.612685975263013161e+00
9.000000000000000222e-01 1.820058924134659417e+00
1.000000000000000000e+00 1.987744032727175370e+00
1.100000000000000089e+00 2.117839754674763597e+00
1.199999999999999956e+00 2.244465082453114935e+00
1.300000000000000044e+00 2.396667046590720940e+00
1.399999999999999911e+00 2.566781393330769934e+00
1.500000000000000000e+00 2.734815879888464973e+00
1.600000000000000089e+00 2.891324431036550457e+00
1.699999999999999956e+00 3.038187233349158856e+00
1.800000000000000044e+00 3.180878714792611195e+00
1.899999999999999911e+00 3.324668213201144251e+00
2.000000000000000000e+00 3.472162604262219787e+00
2.100000000000000089e+00 3.625170028407616041e+00
2.200000000000000178e+00 3.782401563536247568e+00
2.299999999999999822e+00 3.938688858954871641e+00
2.399999999999999911e+00 4.089015504554550873e+00
2.500000000000000000e+00 4.232640051394771952e+00
2.600000000000000089e+00 4.374205402414697019e+00
2.700000000000000178e+00 4.519874812566689215e+00
2.799999999999999822e+00 4.671696206103391091e+00
2.899999999999999911e+00 4.826640073017525623e+00
3.000000000000000000e+00 4.979974461118600537e+00
3.100000000000000089e+00 5.128714288830821033e+00
3.200000000000000178e+00 5.273426199113645296e+00
3.299999999999999822e+00 5.417372431585736337e+00
3.399999999999999911e+00 5.563739172131712429e+00
3.500000000000000000e+00 5.713523394005110667e+00
3.600000000000000089e+00 5.865429215223588955e+00
3.700000000000000178e+00 6.017087436497201125e+00
3.799999999999999822e+00 6.166591079906734052e+00
3.899999999999999911e+00 6.313505331256628494e+00
4.000000000000000000e+00 6.458998459929751412e+00
4.099999999999999645e+00 6.605034679716293766e+00
4.200000000000000178e+00 6.753087270136042264e+00
4.299999999999999822e+00 6.903246561289102523e+00
4.400000000000000355e+00 7.054276343858581377e+00
4.500000000000000000e+00 7.204506463600919730e+00
4.599999999999999645e+00 7.352925582033556395e+00
4.700000000000000178e+00 7.499833264581568848e+00
4.799999999999999822e+00 7.646680810921608007e+00
4.900000000000000355e+00 7.795077430255872741e+00
5.000000000000000000e+00 7.945677245305966530e+00
5.099999999999999645e+00 8.097911602489006100e+00
5.200000000000000178e+00 8.250664276398117281e+00
5.299999999999999822e+00 8.403218688289609162e+00
5.400000000000000355e+00 8.556004702860301236e+00
5.500000000000000000e+00 8.710584609099749187e+00
5.599999999999999645e+00 8.868544217051102407e+00
5.700000000000000178e+00 9.029832954859598360e+00
5.799999999999999822e+00 9.191595232699706131e+00
5.900000000000000355e+00 9.348197351154411194e+00
6.000000000000000000e+00 9.492816735487483726e+00
6.099999999999999645e+00 9.620404709644295949e+00
6.200000000000000178e+00 9.729530966564714944e+00
6.299999999999999822e+00 9.821500559902148098e+00
6.400000000000000355e+00 9.899110367763586993e+00
6.500000000000000000e+00 9.967001923244101391e+00
6.599999999999999645e+00 1.003208089175011253e+01
6.700000000000000178e+00 1.010279995046285251e+01
6.799999999999999822e+00 1.018666293385091315e+01
6.900000000000000355e+00 1.028583310035960707e+01
7.000000000000000000e+00 1.039308901556740850e+01
7.099999999999999645e+00 1.049386455267524099e+01
7.200000000000000178e+00 1.057755711105484764e+01
7.299999999999999822e+00 1.064396137941924536e+01
7.400000000000000355e+00 1.069476382450813468e+01
7.500000000000000000e+00 1.072897573190656217e+01
7.599999999999999645e+00 1.074769816248939769e+01
7.700000000000000178e+00 1.075362276698355046e+01
7.799999999999999822e+00 1.074813402106400950e+01
7.900000000000000355e+00 1.073207208079509201e+01
8.000000000000000000e+00 1.070633721784374437e+01
8.099999999999999645e+00 1.067140730586774922e+01
8.199999999999999289e+00 1.062704897147257910e+01
8.300000000000000711e+00 1.057367254499174436e+01
8.400000000000000355e+00 1.051380877930335167e+01
8.500000000000000000e+00 1.045061308076797957e+01
8.599999999999999645e+00 1.038631203258263547e+01
8.699999999999999289e+00 1.032249451930214157e+01
8.800000000000000711e+00 1.025952289785274729e+01
8.900000000000000355e+00 1.019629843794361257e+01
9.000000000000000000e+00 1.013273256088156415e+01
9.099999999999999645e+00 1.007007763442847725e+01
9.199999999999999289e+00 1.000776817225840709e+01
9.300000000000000711e+00 9.943438702756843384e+00
9.400000000000000355e+00 9.874279457395942927e+00
9.500000000000000000e+00 9.798541632953050140e+00
9.599999999999999645e+00 9.715261656529374790e+00
9.699999999999999289e+00 9.623522247268086360e+00
9.800000000000000711e+00 9.523694123795699795e+00
9.900000000000000355e+00 9.418590836333761374e+00
1.000000000000000000e+01 9.312698475766978845e+00
1.009999999999999964e+01 9.210619436971423823e+00
1.019999999999999929e+01 9.116335514127076323e+00
1.030000000000000071e+01 9.032495792327571493e+00
1.040000000000000036e+01 8.959117351889828385e+00
1.050000000000000000e+01 8.893218678559655643e+00
1.059999999999999964e+01 8.830853944924786703e+00
1.069999999999999929e+01 8.769859360601861553e+00
1.080000000000000071e+01 8.709981136227400000e+00
1.090000000000000036e+01 8.651395152732758831e+00
1.100000000000000000e+01 8.594571773692246452e+00
1.109999999999999964e+01 8.540344850787057851e+00
1.119999999999999929e+01 8.489437643424205149e+00
1.130000000000000071e+01 8.441530378578663729e+00
1.140000000000000036e+01 8.393998588526827120e+00
1.150000000000000000e+01 8.342823610361916664e+00
1.159999999999999964e+01 8.286402264521377958e+00
1.169999999999999929e+01 8.228056122065494193e+00
1.180000000000000071e+01 8.171783978873403242e+00
1.190000000000000036e+01 8.118088422929647052e+00
1.200000000000000000e+01 8.072084430775644748e+00
1.209999999999999964e+01 8.050484722487912137e+00
1.219999999999999929e+01 8.066757897297573976e+00
1.230000000000000071e+01 8.114466267293190427e+00
1.240000000000000036e+01 8.174789647660997360e+00
1.250000000000000000e+01 8.233493207178867124e+00
1.259999999999999964e+01 8.285691223749029888e+00
1.269999999999999929e+01 8.332232749314222531e+00
1.280000000000000071e+01 8.375881093472841599e+00
1.290000000000000036e+01 8.418721862334301420e+00
1.300000000000000000e+01 8.461792648659622884e+00
1.309999999999999964e+01 8.505529443496978814e+00
1.319999999999999929e+01 8.549802672688295857e+00
1.330000000000000071e+01 8.594043197211792773e+00
1.340000000000000036e+01 8.637265483846535474e+00
1.350000000000000000e+01 8.677887877071956524e+00
1.359999999999999964e+01 8.715089988435908097e+00
1.369999999999999929e+01 8.750732973333816389e+00
1.380000000000000071e+01 8.788610496367367020e+00
1.390000000000000036e+01 8.831201192652942566e+00
1.400000000000000000e+01 8.878247377150106701e+00
1.409999999999999964e+01 8.928777101149915296e+00
1.419999999999999929e+01 8.982606838374763925e+00
1.430000000000000071e+01 9.038667531620642848e+00
1.440000000000000036e+01 9.094212355540106429e+00
1.450000000000000000e+01 9.146404741139358308e+00
1.459999999999999964e+01 9.193674952384922605e+00
1.469999999999999929e+01 9.236390157108480992e+00
1.480000000000000071e+01 9.277627024282725898e+00
1.490000000000000036e+01 9.321347870357623577e+00
1.500000000000000000e+01 9.370318193676132168e+00
1.509999999999999964e+01 9.426113429200128735e+00
1.519999999999999929e+01 9.489003292544689216e+00
1.530000000000000071e+01 9.557188069690566223e+00
1.540000000000000036e+01 9.627524868360689325e+00
1.550000000000000000e+01 9.698577890224465037e+00
1.559999999999999964e+01 9.771207426903055548e+00
1.569999999999999929e+01 9.846561847785663346e+00
1.580000000000000071e+01 9.924321609460458049e+00
1.590000000000000036e+01 1.000253721123304373e+01
1.600000000000000000e+01 1.007903501672315905e+01
1.610000000000000142e+01 1.015326975036765411e+01
1.619999999999999929e+01 1.022681336287371501e+01
1.630000000000000071e+01 1.030218159762781482e+01
1.639999999999999858e+01 1.038063349044000638e+01
1.650000000000000000e+01 1.046032679195284487e+01
1.660000000000000142e+01 1.053675810481589536e+01
1.669999999999999929e+01 1.060457869441214918e+01
1.680000000000000071e+01 1.065888488919521038e+01
1.689999999999999858e+01 1.069736744266966433e+01
1.700000000000000000e+01 1.072392590980513738e+01
1.710000000000000142e+01 1.074831933588391308e+01
1.719999999999999929e+01 1.077895447838732146e+01
1.730000000000000071e+01 1.082045007717684548e+01
1.739999999999999858e+01 1.087343991597540693e+01
1.750000000000000000e+01 1.093170936078994870e+01
1.760000000000000142e+01 1.098666766844504927e+01
1.769999999999999929e+01 1.103202399767329922e+01
1.780000000000000071e+01 1.106553458726521377e+01
1.789999999999999858e+01 1.108824310385817746e+01
1.800000000000000000e+01 1.110230418759260651e+01
1.810000000000000142e+01 1.110975228974682238e+01
1.819999999999999929e+01 1.111299440040713904e+01
1.830000000000000071e+01 1.111575497281508795e+01
1.839999999999999858e+01 1.112346026066116700e+01
1.850000000000000000e+01 1.114179850653485282e+01
1.860000000000000142e+01 1.117179436709077400e+01
1.869999999999999929e+01 1.120592327939239397e+01
1.880000000000000071e+01 1.123335409367437165e+01
1.889999999999999858e+01 1.125358319343194857e+01
1.900000000000000000e+01 1.127322436063609068e+01
1.910000000000000142e+01 1.129131035702803132e+01
1.919999999999999929e+01 1.130283996863293439e+01
1.930000000000000071e+01 1.130728535018410952e+01
1.939999999999999858e+01 1.130524147323043316e+01
1.950000000000000000e+01 1.129570007230408102e+01
1.960000000000000142e+01 1.128001896150396810e+01
1.969999999999999929e+01 1.126118111731977756e+01
1.980000000000000071e+01 1.123704859325070871e+01
1.989999999999999858e+01 1.120190750495693166e+01
2.000000000000000000e+01 1.115867926977581881e+01
2.010000000000000142e+01 1.111891425978777548e+01
2.019999999999999929e+01 1.109286182263105047e+01
2.030000000000000071e+01 1.108432908239404391e+01
2.039999999999999858e+01 1.108933483719042101e+01
2.050000000000000000e+01 1.109921850264259646e+01
2.060000000000000142e+01 1.110607723790975676e+01
2.069999999999999929e+01 1.110497123622867477e+01
2.080000000000000071e+01 1.109336948772263653e+01
2.089999999999999858e+01 1.107098549011396571e+01
2.100000000000000000e+01 1.103864112719439206e+01
2.110000000000000142e+01 1.099689887631129182e+01
2.119999999999999929e+01 1.094510650320106393e+01
2.130000000000000071e+01 1.088283815698297374e+01
2.139999999999999858e+01 1.081279571741153411e+01
2.150000000000000000e+01 1.074290953869567211e+01
2.160000000000000142e+01 1.068665264625213851e+01
2.169999999999999929e+01 1.065753163129693881e+01
2.180000000000000071e+01 1.065833474561664751e+01
2.189999999999999858e+01 1.067859866464131535e+01
2.200000000000000000e+01 1.070478973664527977e+01
2.210000000000000142e+01 1.072733711787049238e+01
2.219999999999999929e+01 1.073826487456384093e+01
2.230000000000000071e+01 1.073456143820951247e+01
2.239999999999999858e+01 1.071835081113214017e+01
2.250000000000000000e+01 1.069241694472081683e+01
2.260000000000000142e+01 1.065974036569617489e+01
2.269999999999999929e+01 1.062217741942138893e+01
2.280000000000000071e+01 1.057983348920059719e+01
2.289999999999999858e+01 1.053465100477620098e+01
2.300000000000000000e+01 1.049636249363804374e+01
2.310000000000000142e+01 1.048310919811262742e+01
2.319999999999999929e+01 1.050560015412838410e+01
2.330000000000000071e+01 1.055163713948059190e+01
2.339999999999999858e+01 1.060375830864994562e+01
2.350000000000000000e+01 1.065238120111492748e+01
2.360000000000000142e+01 1.069350010913848692e+01
2.369999999999999929e+01 1.072673289938895991e+01
2.380000000000000071e+01 1.075390997981621766e+01
2.389999999999999858e+01 1.077727609274447040e+01
2.400000000000000000e+01 1.079826303092800543e+01
2.410000000000000142e+01 1.081689921895401163e+01
2.419999999999999929e+01 1.083235266843072608e+01
2.430000000000000071e+01 1.084333302092153417e+01
2.439999999999999858e+01 1.084818497975813933e+01
2.450000000000000000e+01 1.084562237726039946e+01
2.460000000000000142e+01 1.083534003060752759e+01
2.469999999999999929e+01 1.081904760403052101e+01
2.480000000000000071e+01 1.080213511859836117e+01
2.489999999999999858e+01 1.079260452612363963e+01
2.500000000000000000e+01 1.079698413030702575e+01
2.510000000000000142e+01 1.081806733393508857e+01
2.519999999999999929e+01 1.085555668686133224e+01
2.530000000000000071e+01 1.090636747614595237e+01
2.539999999999999858e+01 1.096365081577536316e+01
2.550000000000000000e+01 1.101958781066899284e+01
2.560000000000000142e+01 1.107053441935954652e+01
2.569999999999999929e+01 1.111585474368632553e+01
2.580000000000000071e+01 1.115529380868099452e+01
2.589999999999999858e+01 1.118897731134638995e+01
2.600000000000000000e+01 1.121738251414650023e+01
2.610000000000000142e+01 1.124148908376796463e+01
2.619999999999999929e+01 1.126220166561951608e+01
2.630000000000000071e+01 1.127924047225361548e+01
2.639999999999999858e+01 1.129187038820610489e+01
2.650000000000000000e+01 1.130049776333470390e+01
2.660000000000000142e+01 1.130719032520478251e+01
2.669999999999999929e+01 1.131526861202295287e+01
2.680000000000000071e+01 1.132681287912150658e+01
2.689999999999999858e+01 1.134029894201643529e+01
2.700000000000000000e+01 1.135278180652405844e+01
2.710000000000000142e+01 1.136231687081970598e+01
2.719999999999999929e+01 1.136749193913603762e+01
2.730000000000000071e+01 1.136735989251598866e+01
2.739999999999999858e+01 1.136170659960093943e+01
2.750000000000000000e+01 1.135085210282636048e+01
2.760000000000000142e+01 1.133658311805767127e+01
2.769999999999999929e+01 1.132250478101392055e+01
2.780000000000000071e+01 1.131102346185590513e+01
2.789999999999999858e+01 1.130273477777864422e+01
2.800000000000000000e+01 1.129842441417066112e+01
2.810000000000000142e+01 1.129732302874145589e+01
2.819999999999999929e+01 1.129634512746948438e+01
2.830000000000000071e+01 1.129336690077913197e+01
2.839999999999999858e+01 1.128789212138597087e+01
2.850000000000000000e+01 1.128008249238796701e+01
2.860000000000000142e+01 1.127155984360717156e+01
2.869999999999999929e+01 1.126325759833392226e+01
2.880000000000000071e+01 1.125162247909121227e+01
2.889999999999999858e+01 1.123359874611533726e+01
2.900000000000000000e+01 1.120958528559989631e+01
2.910000000000000142e+01 1.118426831833485835e+01
2.919999999999999929e+01 1.116449347695284722e+01
2.930000000000000071e+01 1.115190010450520930e+01
2.939999999999999858e+01 1.114603331777343165e+01
2.950000000000000000e+01 1.114393489677531868e+01
2.960000000000000142e+01 1.113959105029801400e+01
2.969999999999999929e+01 1.113082722324784868e+01
2.980000000000000071e+01 1.112073282066522850e+01
2.989999999999999858e+01 1.111234843508082548e+01
3.000000000000000000e+01 1.110674314603804902e+01
3.010000000000000142e+01 1.110142733088614442e+01
3.019999999999999929e+01 1.109384412491967353e+01
3.030000000000000071e+01 1.108480526962709867e+01
3.039999999999999858e+01 1.107553928138354138e+01
3.050000000000000000e+01 1.106491901119532351e+01
3.060000000000000142e+01 1.105140099586519931e+01
3.069999999999999929e+01 1.103407647404666392e+01
3.080000000000000071e+01 1.101344097396638411e+01
3.089999999999999858e+01 1.099219792489761893e+01
3.100000000000000000e+01 1.097110607839764818e+01
3.110000000000000142e+01 1.094682197572772075e+01
3.119999999999999929e+01 1.091546422314401710e+01
3.130000000000000071e+01 1.087669764632269498e+01
3.139999999999999858e+01 1.083399775424246414e+01
3.150000000000000000e+01 1.079391464044557836e+01
3.160000000000000142e+01 1.076224109892580749e+01
3.169999999999999929e+01 1.073711235474410941e+01
3.180000000000000071e+01 1.071015228025493293e+01
3.189999999999999858e+01 1.067705351371889577e+01
3.200000000000000000e+01 1.064223614440942711e+01
3.210000000000000142e+01 1.061418055818037054e+01
3.220000000000000284e+01 1.060006504766787039e+01
3.229999999999999716e+01 1.060117770689380556e+01
3.239999999999999858e+01 1.061343957651602921e+01
3.250000000000000000e+01 1.063192346981911918e+01
3.260000000000000142e+01 1.065211526488243798e+01
3.270000000000000284e+01 1.066886024997867644e+01
3.279999999999999716e+01 1.067837288431785225e+01
3.289999999999999858e+01 1.068121039820644569e+01
3.300000000000000000e+01 1.068032599201251998e+01
3.310000000000000142e+01 1.067617306709303548e+01
3.320000000000000284e+01 1.066701431863449123e+01
3.329999999999999716e+01 1.065243905752799236e+01
3.339999999999999858e+01 1.063297092345499983e+01
3.350000000000000000e+01 1.060863400947191870e+01
3.360000000000000142e+01 1.057953565689903641e+01
3.370000000000000284e+01 1.054490354878714520e+01
3.379999999999999716e+01 1.050294459120592983e+01
3.389999999999999858e+01 1.045597748528422599e+01
3.400000000000000000e+01 1.041270708082374163e+01
3.410000000000000142e+01 1.038408584019405012e+01
3.420000000000000284e+01 1.037682260989076610e+01
3.429999999999999716e+01 1.038785694556439054e+01
3.439999999999999858e+01 1.040650946099885843e+01
3.450000000000000000e+01 1.042389446661511698e+01
3.460000000000000142e+01 1.043686871838179009e+01
3.470000000000000284e+01 1.044782451727106753e+01
3.479999999999999716e+01 1.046494718877765884e+01
3.489999999999999858e+01 1.049651957906339916e+01
3.500000000000000000e+01 1.054090911830880017e+01
3.510000000000000142e+01 1.058692824926367138e+01
3.520000000000000284e+01 1.062488417237478089e+01
3.529999999999999716e+01 1.065271012054347288e+01
3.539999999999999858e+01 1.067558236507501590e+01
3.550000000000000000e+01 1.070278029832926769e+01
3.560000000000000142e+01 1.073778122844399263e+01
3.570000000000000284e+01 1.077762461189417564e+01
3.579999999999999716e+01 1.081636438064671069e+01
3.589999999999999858e+01 1.084675028567202837e+01
3.600000000000000000e+01 1.086498116839328887e+01
3.610000000000000142e+01 1.087310564524552525e+01
3.620000000000000284e+01 1.087698692830254110e+01
3.629999999999999716e+01 1.088261427785081636e+01
3.639999999999999858e+01 1.089325862168675840e+01
3.650000000000000000e+01 1.090886199075530705e+01
3.660000000000000142e+01 1.092652659209266197e+01
3.670000000000000284e+01 1.094182510890935411e+01
3.679999999999999716e+01 1.095159852496681907e+01
3.689999999999999858e+01 1.095706211948296271e+01
3.700000000000000000e+01 1.096481183127148462e+01
3.710000000000000142e+01 1.098067046482495890e+01
3.720000000000000284e+01 1.100378888338843453e+01
3.729999999999999716e+01 1.103051936352276030e+01
3.739999999999999858e+01 1.106070500584524652e+01
3.750000000000000000e+01 1.109583678536554530e+01
3.760000000000000142e+01 1.113433349900822478e+01
3.770000000000000284e+01 1.117190804375644930e+01
3.779999999999999716e+01 1.120319751636163552e+01
3.789999999999999858e+01 1.122309786223235228e+01
3.800000000000000000e+01 1.123001809626086711e+01
3.810000000000000142e+01 1.122794399638271656e+01
3.820000000000000284e+01 1.122413183170071882e+01
3.829999999999999716e+01 1.122299624533683193e+01
3.839999999999999858e+01 1.122821414054714673e+01
3.850000000000000000e+01 1.123960507095407912e+01
3.860000000000000142e+01 1.125134237025829442e+01
3.870000000000000284e+01 1.126107441059712322e+01
3.879999999999999716e+01 1.126952970077979010e+01
3.889999999999999858e+01 1.127724773482643528e+01
3.900000000000000000e+01 1.128472753974138953e+01
3.910000000000000142e+01 1.129028089267690760e+01
3.920000000000000284e+01 1.129163133998169144e+01
3.929999999999999716e+01 1.129076698663438272e+01
3.939999999999999858e+01 1.129128955032569870e+01
3.950000000000000000e+01 1.129338650171765224e+01
3.960000000000000142e+01 1.129478754634050119e+01
3.970000000000000284e+01 1.129513490906666107e+01
3.979999999999999716e+01 1.129758494301151650e+01
3.989999999999999858e+01 1.130363583369670089e+01
4.000000000000000000e+01 1.131029856004506406e+01
