     0.000000     -0.000000     -0.000000     -0.000000
     2.250000      2.305704      2.304980      2.306428
     4.500000      4.506071      4.504615      4.507530
     6.750000      6.695582      6.692934      6.698236
     9.000000      8.883968      8.879319      8.888638
    11.250000     11.066265     11.058065     11.074533
    13.500000     13.239218     13.224444     13.254214
    15.750000     15.414274     15.392939     15.436075
    18.000000     17.571829     17.532391     17.612885
    20.250000     19.557423     19.503554     19.614359
    22.500000     21.219399     21.148114     21.296158
    24.750000     22.482709     22.347041     22.639717
    27.000000     23.068408     22.843873     23.358415
    29.250000     22.522302     22.379376     22.689119
    31.500000     21.371020     21.262931     21.492225
    33.750000     19.973984     19.894891     20.059875
    36.000000     18.448587     18.391643     18.508970
    38.250000     17.089058     17.049089     17.130691
    40.500000     16.560398     16.520206     16.602274
    42.750000     16.526176     16.492361     16.561174
    45.000000     16.872558     16.837580     16.908805
    47.250000     17.414861     17.374807     17.456587
    49.500000     18.189064     18.144810     18.235367
    51.750000     19.194919     19.142997     19.249685
    54.000000     20.162531     20.086143     20.245239
    56.250000     21.173279     21.085481     21.269534
    58.500000     22.021065     21.889113     22.173114
    60.750000     22.615147     22.461603     22.796620
    63.000000     23.522022     23.196235     24.008351
    65.250000     23.577981     23.918348     22.580476
    67.500000     22.459355     23.265091     21.564590
    69.750000     23.849975     21.981734     22.351045
    72.000000     21.381927     21.122537     21.733103
    74.250000     20.328996     20.165857     20.524037
    76.500000     19.663841     19.548255     19.794556
    78.750000     19.410220     19.310665     19.520792
    81.000000     19.622813     19.505972     19.755135
    83.250000     19.981551     19.889575     20.082851
    85.500000     20.486360     20.401259     20.579383
    87.750000     21.052876     20.964541     21.149777
    90.000000     21.796339     21.646469     21.972697
    92.250000     22.347291     22.184323     22.542089
    94.500000     22.837946     22.654943     23.062112
    96.750000     23.221597     22.985369     23.531475
    99.000000     23.639831     23.254751     24.274203
   101.250000     22.867526     22.627618     23.183789
   103.500000     22.271084     22.020579     22.606101
   105.750000     21.994952     21.793985     22.246731
   108.000000     21.438696     21.279649     21.627914
   110.250000     20.595139     20.436011     20.784470
   112.500000     20.082838     19.940998     20.248175
   114.750000     19.943099     19.845913     20.050757
   117.000000     20.012711     19.928157     20.105081
   119.250000     20.193771     20.090420     20.309048
   121.500000     20.450377     20.338424     20.576464
   123.750000     21.096513     20.969158     21.242487
   126.000000     21.542435     21.381642     21.734131
   128.250000     22.084263     21.912707     22.291472
   130.500000     22.701098     22.508796     22.939402
   132.750000     23.242264     23.029872     23.512282
   135.000000     23.924668     23.586482     24.439505
   137.250000     24.127397     23.770727     24.686999
   139.500000     24.412469     23.558554     25.465657
   141.750000     23.876083     23.308090     25.323069
   144.000000     22.825092     22.503144     23.302826
