0.000000000000000000e+00 1.110223024625156540e-16
6.250000000000000000e-02 7.812330615293091793e-03
1.250000000000000000e-01 3.123919079803597412e-02
1.875000000000000000e-01 7.019002073100470696e-02
2.500000000000000000e-01 1.243175057998972127e-01
3.125000000000000000e-01 1.927411361748145591e-01
3.750000000000000000e-01 2.737105763895930077e-01
4.375000000000000000e-01 3.642947127394917661e-01
5.000000000000000000e-01 4.602529500109023841e-01
5.625000000000000000e-01 5.563102822267096403e-01
6.250000000000000000e-01 6.470224465709595307e-01
6.875000000000000000e-01 7.281584095750476271e-01
7.500000000000000000e-01 7.980778050818201352e-01
8.125000000000000000e-01 8.583114759069199184e-01
8.750000000000000000e-01 9.128849649428966151e-01
9.375000000000000000e-01 9.666841658471144738e-01
1.000000000000000000e+00 1.023648994389278144e+00
1.062500000000000000e+00 1.085459997847113556e+00
1.125000000000000000e+00 1.150989077340654587e+00
1.187500000000000000e+00 1.216517608711789933e+00
1.250000000000000000e+00 1.276616666878013673e+00
1.312500000000000000e+00 1.325461335200570190e+00
1.375000000000000000e+00 1.358165087943316474e+00
1.437500000000000000e+00 1.371670718517253196e+00
1.500000000000000000e+00 1.365013626263162250e+00
1.562500000000000000e+00 1.339187317486797202e+00
1.625000000000000000e+00 1.296947707777510894e+00
1.687500000000000000e+00 1.242604279701477354e+00
1.750000000000000000e+00 1.181569491791016668e+00
1.812500000000000000e+00 1.119514299533109991e+00
1.875000000000000000e+00 1.061272679131140650e+00
1.937500000000000000e+00 1.009813122658424600e+00
2.000000000000000000e+00 9.655528199876020068e-01
2.062500000000000000e+00 9.261854702297128705e-01
2.125000000000000000e+00 8.871491535464864908e-01
2.187500000000000000e+00 8.428080266630345596e-01
2.250000000000000000e+00 7.881900623372432024e-01
2.312500000000000000e+00 7.207073234129194317e-01
2.375000000000000000e+00 6.410507822653969123e-01
2.437500000000000000e+00 5.528194124051906133e-01
2.500000000000000000e+00 4.612173872442700273e-01
2.562500000000000000e+00 3.716112884873595812e-01
2.625000000000000000e+00 2.885552759042094295e-01
2.687500000000000000e+00 2.154278469465959189e-01
2.750000000000000000e+00 1.545117339241578180e-01
2.812500000000000000e+00 1.072806418349864371e-01
2.875000000000000000e+00 7.471671456082780438e-02
2.937500000000000000e+00 5.756160128148751776e-02
3.000000000000000000e+00 5.645938212340100709e-02
3.062500000000000000e+00 7.197929193405772086e-02
3.125000000000000000e+00 1.045194680035490542e-01
3.187500000000000000e+00 1.540992248077002746e-01
3.250000000000000000e+00 2.200554290416787129e-01
3.312500000000000000e+00 3.006792197694760360e-01
3.375000000000000000e+00 3.928759394933902804e-01
3.437500000000000000e+00 4.920103581212729171e-01
3.500000000000000000e+00 5.921815239141466902e-01
3.562500000000000000e+00 6.871504257396287008e-01
3.625000000000000000e+00 7.718647672068016385e-01
3.687500000000000000e+00 8.440044404359766661e-01
3.750000000000000000e+00 9.046382802450617655e-01
3.812500000000000000e+00 9.574604820118625126e-01
3.875000000000000000e+00 1.006972942784873704e+00
3.937500000000000000e+00 1.056550837578053015e+00
4.000000000000000000e+00 1.107174995428062747e+00
4.062500000000000000e+00 1.157140888491902997e+00
4.125000000000000000e+00 1.202701352387151035e+00
4.187500000000000000e+00 1.239377309838237684e+00
4.250000000000000000e+00 1.263442039492258528e+00
4.312500000000000000e+00 1.272954698930037543e+00
4.375000000000000000e+00 1.267952409097785393e+00
4.437500000000000000e+00 1.249960330030041478e+00
4.500000000000000000e+00 1.221367854466746561e+00
4.562500000000000000e+00 1.185097349094883956e+00
4.625000000000000000e+00 1.144557443377341777e+00
4.687500000000000000e+00 1.103571371024771430e+00
4.750000000000000000e+00 1.066011944182659654e+00
4.812500000000000000e+00 1.035122834609562448e+00
4.875000000000000000e+00 1.012710984535362346e+00
4.937500000000000000e+00 9.984495203763429361e-01
5.000000000000000000e+00 9.895071306274290102e-01
5.062500000000000000e+00 9.807168642860677465e-01
5.125000000000000000e+00 9.654863822507661064e-01
5.187500000000000000e+00 9.374651711640165086e-01
5.250000000000000000e+00 8.925182321607046942e-01
5.312500000000000000e+00 8.301007556412164368e-01
5.375000000000000000e+00 7.532795162992396154e-01
5.437500000000000000e+00 6.674904299817429054e-01
5.500000000000000000e+00 5.788700852820910514e-01
5.562500000000000000e+00 4.929850457994841006e-01
5.625000000000000000e+00 4.142568125955119474e-01
5.687500000000000000e+00 3.459388067799178401e-01
5.750000000000000000e+00 2.903682594146225759e-01
5.812500000000000000e+00 2.492749073814941874e-01
5.875000000000000000e+00 2.240273333334712735e-01
5.937500000000000000e+00 2.157684847729066657e-01
6.000000000000000000e+00 2.254273010621807294e-01
6.062500000000000000e+00 2.536063131920939795e-01
6.125000000000000000e+00 3.003494314273279508e-01
6.187500000000000000e+00 3.648022865090950195e-01
6.250000000000000000e+00 4.448038460928911420e-01
6.312500000000000000e+00 5.365103813178456749e-01
6.375000000000000000e+00 6.342593222829948640e-01
6.437500000000000000e+00 7.309857020303418551e-01
6.500000000000000000e+00 8.194513968541049520e-01
6.562500000000000000e+00 8.941324244747277383e-01
6.625000000000000000e+00 9.529256684793611099e-01
6.687500000000000000e+00 9.975560264922753717e-01
6.750000000000000000e+00 1.032281723250940031e+00
6.812500000000000000e+00 1.061657510562805218e+00
6.875000000000000000e+00 1.088577176314152961e+00
6.937500000000000000e+00 1.113381645740182391e+00
7.000000000000000000e+00 1.134171624338915274e+00
7.062500000000000000e+00 1.148029832220734514e+00
7.125000000000000000e+00 1.152576548233289477e+00
7.187500000000000000e+00 1.147137134122062418e+00
7.250000000000000000e+00 1.132998763232275108e+00
7.312500000000000000e+00 1.112794635297600143e+00
7.375000000000000000e+00 1.089559792942544236e+00
7.437500000000000000e+00 1.066046974303384909e+00
7.500000000000000000e+00 1.044543794452390761e+00
7.562500000000000000e+00 1.027051203378861688e+00
7.625000000000000000e+00 1.015506585802501416e+00
7.687500000000000000e+00 1.011781831636428208e+00
7.750000000000000000e+00 1.017355703947593337e+00
7.812500000000000000e+00 1.032728595453445530e+00
7.875000000000000000e+00 1.056746933234059771e+00
7.937500000000000000e+00 1.086050890854358242e+00
8.000000000000000000e+00 1.114911801558369220e+00
