0.0 1.0 10 -3.28369949852098e-17 0.9999999999999984 6.988426745651954e-32 1.0000000000000002 1.332267629571723e-16 2.6645352591003776e-16
0.1 1.0 10 -3.283699498520997e-17 0.9999999999999931 1.734723475976819e-18 1.000000000000004 0.03867311454764584 0.015909847931079947
0.2 1.0 10 -3.2836994985210084e-17 0.9999999999999925 -5.1347814888913875e-17 1.000000000000005 0.1057605543473726 0.06204597677127174
0.30000000000000004 1.0 10 -3.2836994985210146e-17 0.9999999999999898 -1.38777878078146e-17 1.000000000000007 0.16938052139846022 0.12966604837538978
0.4 1.0 10 -3.2836994985209973e-17 0.9999999999999942 -2.428612866367544e-18 1.0000000000000033 0.21592037932876704 0.19458412427518368
0.5 1.0 10 -3.283699498520993e-17 0.9999999999999958 1.2836953722228427e-17 1.0000000000000024 0.2477515944930549 0.23111296052335079
0.6000000000000001 1.0 10 -3.283699498520996e-17 0.999999999999996 2.498001805406612e-17 1.0000000000000013 0.2782670562420945 0.25085536835832734
0.7000000000000001 1.0 10 -3.283699498520989e-17 0.9999999999999978 2.6367796834847528e-17 1.0000000000000007 0.3160823888448542 0.2805177328062679
0.8 1.0 10 -3.283699498520987e-17 0.9999999999999984 4.701100619897154e-17 1.0000000000000004 0.3570314263727736 0.3225371932816994
0.9 1.0 10 -3.2836994985209955e-17 0.999999999999996 7.389922007661228e-17 1.000000000000003 0.39518313537872235 0.36401177402706836
1.0 1.0 10 -3.2836994985209875e-17 0.9999999999999987 8.74300631892312e-17 0.9999999999999994 0.4291204564084149 0.39754884860414685
1.1 1.0 10 -3.283699498520984e-17 0.9999999999999987 5.811323644522311e-17 1.0000000000000002 0.46063292366067765 0.42356831674537243
1.2000000000000002 1.0 10 -3.283699498520984e-17 0.9999999999999996 8.109832250191577e-17 0.9999999999999984 0.49336664219218873 0.4488944581969384
1.3 1.0 10 -3.2836994985209887e-17 0.9999999999999976 9.020562075079419e-17 1.000000000000001 0.5283754485450655 0.4793367136897346
1.4000000000000001 1.0 10 -3.2836994985209936e-17 0.9999999999999978 9.575673587391997e-17 1.0000000000000004 0.5639013951861818 0.513360132900407
1.5 1.0 10 -3.283699498520986e-17 0.9999999999999987 6.036837696399297e-17 1.0000000000000002 0.5984873356148006 0.5469600435065148
1.6 1.0 10 -3.2836994985209936e-17 0.9999999999999964 6.956241138667021e-17 1.0000000000000022 0.632060389625986 0.5782385992308011
1.7000000000000002 1.0 10 -3.283699498520994e-17 0.9999999999999978 2.862293735361738e-17 1.0000000000000016 0.6652101390461336 0.6075697527336711
1.8 1.0 10 -3.283699498520991e-17 0.999999999999998 -8.32667268468869e-18 1.0000000000000007 0.6983643964991181 0.6360617383084225
1.9000000000000001 1.0 10 -3.2836994985209924e-17 0.9999999999999971 -2.012279232133102e-17 1.0000000000000018 0.731676643555236 0.6648240472574266
2.0 1.0 10 -3.283699498520985e-17 0.9999999999999993 -4.3411454986319626e-17 0.9999999999999997 0.7652878931330542 0.6944739810555057
2.1 1.0 10 -3.2836994985209875e-17 0.9999999999999991 -7.730361489821654e-17 0.9999999999999998 0.7992586403499773 0.7254097397953952
2.2 1.0 10 -3.2836994985209825e-17 1.0000000000000004 -1.0312931064682114e-16 0.9999999999999979 0.8329997646617174 0.7572688700443819
2.3000000000000003 1.0 10 -3.283699498520994e-17 0.9999999999999973 -1.0842021724855074e-16 1.0000000000000016 0.8653271693569966 0.7887161714341383
2.4000000000000004 1.0 10 -3.2836994985209905e-17 0.999999999999998 -1.1015494072452747e-16 1.0000000000000016 0.8949146908811372 0.8181643531359544
2.5 1.0 10 -3.283699498520995e-17 0.9999999999999973 -1.0937431516033798e-16 1.0000000000000013 0.9207967045951483 0.8446760059156244
2.6 1.0 10 -3.283699498520991e-17 0.9999999999999987 -1.0980799602933203e-16 1.0000000000000002 0.9430277656303092 0.8687659670044825
2.7 1.0 10 -3.283699498520989e-17 0.9999999999999989 -1.1006820455072853e-16 0.9999999999999997 0.9633936451608148 0.8923824215698044
2.8000000000000003 1.0 10 -3.283699498520986e-17 1.0 -8.881784197001253e-17 0.9999999999999986 0.9840816428559339 0.9172904154417614
2.9000000000000004 1.0 10 -3.2836994985209764e-17 1.0000000000000018 -4.9960036108131953e-17 0.9999999999999973 1.0053764245030814 0.943373362820177
3.0 1.0 10 -3.2836994985209887e-17 0.9999999999999991 -1.0408340855860852e-17 0.9999999999999994 1.0266277386058147 0.9693876914495034
3.1 1.0 10 -3.283699498520986e-17 0.9999999999999998 4.10262102068515e-17 0.9999999999999988 1.0466398799893797 0.9938142253504182
3.2 1.0 10 -3.283699498520992e-17 0.9999999999999984 5.74193470548324e-17 1.0000000000000002 1.0635105091896095 1.0145896693950067
3.3000000000000003 1.0 10 -3.2836994985209887e-17 0.9999999999999987 1.3600232051658186e-16 0.9999999999999994 1.075317410340562 1.0292998444010781
3.4000000000000004 1.0 10 -3.283699498520986e-17 0.9999999999999991 1.5976803213746407e-16 1.0000000000000002 1.0807186395122088 1.0360344830054422
3.5 1.0 10 -3.2836994985209924e-17 0.9999999999999987 1.6115581091824559e-16 0.9999999999999998 1.0798380307433404 1.0348259073649981
3.6 1.0 10 -3.2836994985209905e-17 0.9999999999999982 1.9450586974389984e-16 1.0 1.0748018337856495 1.0283165813615005
3.7 1.0 10 -3.283699498520986e-17 0.9999999999999993 1.7911019889460546e-16 0.9999999999999993 1.0680242047156934 1.0188950295943733
3.8000000000000003 1.0 10 -3.283699498520988e-17 1.0 1.704365815147213e-16 0.9999999999999997 1.059571367112772 1.0059050639515703
3.9000000000000004 1.0 10 -3.283699498520993e-17 0.9999999999999976 1.3739009929736345e-16 1.0000000000000018 1.0498961242217126 0.990513018356833
4.0 1.0 10 -3.2836994985209887e-17 0.9999999999999989 1.2769733187534286e-16 1.0 1.0426320131030735 0.9795919923621195
4.1000000000000005 1.0 10 -3.2836994985209905e-17 0.9999999999999987 6.55725473919234e-17 0.9999999999999998 1.0403154970775277 0.9774905292652875
4.2 1.0 10 -3.283699498520989e-17 0.999999999999998 1.7520707107365785e-17 1.0000000000000009 1.0409656796731523 0.9807279463170137
4.3 1.0 10 -3.2836994985209887e-17 0.9999999999999993 -1.7000290064572723e-17 0.9999999999999994 1.0407897200568155 0.9822863066884493
4.4 1.0 10 -3.2836994985209887e-17 0.9999999999999982 -6.834810495348632e-17 1.0000000000000004 1.0388908085990831 0.9808911743619072
4.5 1.0 10 -3.283699498520996e-17 0.999999999999998 -1.0026701691145964e-16 1.0000000000000009 1.03846949217499 0.9821385503292206
4.6000000000000005 1.0 10 -3.283699498520991e-17 0.9999999999999987 -1.523954573645627e-16 0.9999999999999998 1.039378094994869 0.9866499352742142
4.7 1.0 10 -3.2836994985209905e-17 0.9999999999999996 -1.6115581091824546e-16 0.9999999999999991 1.0377988366490711 0.9883245418057287
4.800000000000001 1.0 10 -3.283699498521e-17 0.9999999999999976 -1.8604909279851303e-16 1.000000000000001 1.0320125756714655 0.9831148387744643
4.9 1.0 10 -3.283699498520988e-17 0.9999999999999989 -1.7789589246142176e-16 0.9999999999999998 1.0221779893703618 0.9711687188566593
5.0 1.0 10 -3.2836994985209875e-17 0.9999999999999998 -1.5465059788333239e-16 0.9999999999999994 1.0093239064500348 0.9542569714796283
5.1000000000000005 1.0 10 -3.283699498520992e-17 0.9999999999999982 -1.2862974574368048e-16 1.0000000000000007 0.9945434206051156 0.9343531233534892
5.2 1.0 10 -3.283699498520992e-17 0.9999999999999989 -1.0534108307869172e-16 1.0 0.9785719690153225 0.9135167281326314
5.300000000000001 1.0 10 -3.28369949852099e-17 0.9999999999999989 -6.002143226879759e-17 0.9999999999999997 0.9621984713955026 0.8939618353099258
5.4 1.0 10 -3.2836994985209936e-17 0.9999999999999982 -1.0581813203458541e-17 1.0000000000000004 0.9469003182854205 0.8774971179112901
5.5 1.0 10 -3.283699498520996e-17 0.9999999999999978 1.439820485060753e-17 1.0000000000000009 0.9344513165187402 0.8649873850696908
5.6000000000000005 1.0 10 -3.2836994985209936e-17 0.9999999999999991 3.2612801348364005e-17 1.0000000000000002 0.9254801349140618 0.856737579967505
5.7 1.0 10 -3.283699498520991e-17 0.9999999999999996 4.623038063478193e-17 0.9999999999999989 0.9194409140864908 0.8528495170388831
5.800000000000001 1.0 10 -3.2836994985209936e-17 0.9999999999999984 7.008282842946312e-17 1.0000000000000002 0.9154358406146385 0.8525659918691476
5.9 1.0 10 -3.283699498520992e-17 0.9999999999999989 6.17561557447744e-17 1.0 0.9124860933132535 0.8536761316067987
6.0 1.0 10 -3.283699498520994e-17 1.0 5.2562121322097256e-17 0.9999999999999988 0.9098472005964238 0.8537408450247106
6.1000000000000005 1.0 10 -3.283699498521006e-17 0.9999999999999958 2.038300084272757e-17 1.0000000000000036 0.9068472414247696 0.8515974688008295
6.2 1.0 10 -3.2836994985209905e-17 0.9999999999999982 1.0321604682062021e-17 1.0000000000000009 0.9027265515580318 0.8468078003516476
6.300000000000001 1.0 10 -3.2836994985209955e-17 0.9999999999999987 -7.025630077706079e-18 0.9999999999999994 0.8963291288795409 0.8376887250010914
6.4 1.0 10 -3.2836994985209924e-17 1.0000000000000004 -2.8622937353617305e-17 0.9999999999999986 0.8869168649008726 0.822808477158544
6.5 1.0 10 -3.283699498520997e-17 0.9999999999999982 -9.306791448615586e-17 1.0000000000000004 0.8746437589402222 0.8032164964552724
6.6000000000000005 1.0 10 -3.2836994985209887e-17 0.9999999999999996 -1.0885389811754468e-16 0.9999999999999989 0.8604468411452737 0.782548249996698
6.7 1.0 10 -3.283699498520997e-17 0.9999999999999982 -7.945033519973791e-17 1.0 0.8445286299368236 0.7603730244440725
6.800000000000001 1.0 10 -3.2836994985209955e-17 0.9999999999999982 -9.61036805691153e-17 1.0000000000000004 0.8270809567351597 0.7352671361120948
6.9 1.0 10 -3.283699498520991e-17 0.999999999999998 -8.014422459012864e-17 1.0000000000000007 0.8172648727495805 0.7220071807749995
7.0 1.0 10 -3.283699498520989e-17 0.9999999999999993 -8.32667268468868e-17 0.9999999999999993 0.8268676401735972 0.7343392177439417
7.1000000000000005 1.0 10 -3.283699498520992e-17 1.0 -6.938893903907228e-17 0.9999999999999989 0.8470299854689832 0.7633054672142267
7.2 1.0 10 -3.2836994985209936e-17 0.9999999999999993 -2.5066754227864877e-17 0.9999999999999997 0.8666729253064703 0.7920753043152249
7.300000000000001 1.0 10 -3.283699498520996e-17 0.9999999999999982 -5.724587470723473e-18 1.0000000000000004 0.8831874459233585 0.8156779340327228
7.4 1.0 10 -3.283699498520999e-17 0.9999999999999969 -1.7347234759768125e-19 1.000000000000002 0.8983503548820242 0.8356290966296276
7.5 1.0 10 -3.283699498520991e-17 1.0 2.5717275531356164e-17 0.9999999999999989 0.9151457128632169 0.854307639396187
7.6000000000000005 1.0 10 -3.2836994985209936e-17 0.9999999999999984 3.504141421473156e-17 1.0000000000000004 0.9347578006430022 0.8734367191987754
7.7 1.0 10 -3.283699498520996e-17 0.9999999999999984 6.756747938929674e-17 1.0000000000000004 0.9560841090396304 0.8934420521176334
7.800000000000001 1.0 10 -3.283699498520993e-17 1.0 6.262351748276274e-17 0.9999999999999989 0.9773316367316583 0.9137802403978024
7.9 1.0 10 -3.283699498521002e-17 0.9999999999999969 6.366435156834902e-17 1.000000000000002 0.9967052319142826 0.9330134123834085
8.0 1.0 10 -3.2836994985209887e-17 0.9999999999999998 7.589415207398534e-17 0.9999999999999994 1.0130337561513492 0.9497016231032485
8.1 1.0 10 -3.283699498520994e-17 0.9999999999999982 2.4719809532669544e-17 1.0000000000000004 1.026359307815722 0.9632857327066701
8.200000000000001 1.0 10 -3.283699498520996e-17 0.9999999999999984 5.143455106271241e-17 1.0000000000000002 1.0376463840865677 0.9749058299617837
8.3 1.0 10 -3.283699498520998e-17 0.9999999999999984 -9.540979117872455e-19 1.0000000000000013 1.0483995352085613 0.9867143109870493
8.4 1.0 10 -3.283699498520998e-17 0.9999999999999982 5.642188105614575e-17 1.0000000000000007 1.0597863359890933 1.0005894902498165
8.5 1.0 10 -3.2836994985210035e-17 0.9999999999999964 7.520026268359485e-17 1.0000000000000022 1.0709806846571348 1.016229769760133
8.6 1.0 10 -3.2836994985209905e-17 0.9999999999999998 4.657732532997728e-17 0.9999999999999994 1.0806107409251577 1.031115278124617
8.700000000000001 1.0 10 -3.2836994985209936e-17 1.0 4.6837533851373795e-18 0.9999999999999989 1.087302686442 1.0417852595310557
8.8 1.0 10 -3.283699498520994e-17 0.9999999999999989 8.153200337091001e-18 0.9999999999999997 1.0905278638237257 1.046379120370879
8.9 1.0 10 -3.283699498520996e-17 0.9999999999999991 2.619432448724981e-17 0.9999999999999998 1.0908381963461686 1.0459618405373838
9.0 1.0 10 -3.283699498520989e-17 1.0000000000000004 2.6194324487249777e-17 0.9999999999999986 1.0874469276555465 1.0397790911040017
9.1 1.0 10 -3.2836994985209924e-17 0.9999999999999998 -3.486794186713383e-17 0.9999999999999991 1.078670333360623 1.0260209549395234
9.200000000000001 1.0 10 -3.283699498520998e-17 0.9999999999999982 -3.3133218391157073e-17 1.0000000000000007 1.0717826644263682 1.016797898222081
9.3 1.0 10 -3.283699498520994e-17 0.9999999999999987 -5.624840870854805e-17 1.0000000000000004 1.077222856886859 1.0223128342276437
9.4 1.0 10 -3.283699498520995e-17 0.9999999999999982 -7.494005416219821e-17 1.0000000000000007 1.0876035850474446 1.036330635247941
9.5 1.0 10 -3.2836994985209985e-17 0.999999999999998 -1.0000680839006312e-16 1.0000000000000013 1.0961770756101539 1.049682887630944
9.600000000000001 1.0 10 -3.283699498520991e-17 1.0000000000000009 -1.0829011298785208e-16 0.9999999999999979 1.1020769922124876 1.0593583797723982
9.700000000000001 1.0 10 -3.283699498520988e-17 1.0000000000000013 -1.1241008124329695e-16 0.9999999999999982 1.1064175906845737 1.0663192297352972
9.8 1.0 10 -3.283699498520993e-17 1.0 -1.3634926521177703e-16 0.9999999999999989 1.1084698272744102 1.0698959762786617
9.9 1.0 10 -3.283699498520999e-17 0.9999999999999989 -1.3114509478384675e-16 0.9999999999999998 1.1076553614903082 1.0690722026182138
10.0 1.0 10 -3.283699498520997e-17 0.9999999999999987 -1.2533377113932446e-16 1.0000000000000002 1.1044729364448176 1.0647197340649626
10.100000000000001 1.0 10 -3.2836994985209973e-17 0.9999999999999989 -1.003537530852584e-16 1.0 1.1008762550381204 1.0610047319608467
10.200000000000001 1.0 10 -3.2836994985209973e-17 0.9999999999999996 -4.8116892414906707e-17 1.0 1.100922809772022 1.0635524577310869
10.3 1.0 10 -3.2836994985209973e-17 0.9999999999999998 -1.3183898417423736e-17 0.9999999999999997 1.1043697955885878 1.0709613572596022
10.4 1.0 10 -3.283699498521002e-17 0.9999999999999989 3.243932900076633e-17 0.9999999999999997 1.105261325164769 1.0737357164593673
10.5 1.0 10 -3.283699498520996e-17 0.9999999999999998 7.788908407135866e-17 0.9999999999999991 1.1019078429556397 1.0699468736698645
10.600000000000001 1.0 10 -3.283699498520997e-17 0.9999999999999998 1.4311468676808663e-16 0.9999999999999989 1.100502756920473 1.0695495352894455
10.700000000000001 1.0 10 -3.2836994985209955e-17 1.0 1.772887392448297e-16 0.9999999999999989 1.1038733600872452 1.0727849657523938
10.8 1.0 10 -3.2836994985209936e-17 1.0 2.0114118703951079e-16 0.9999999999999989 1.1049036993573362 1.0715796516631027
10.9 1.0 10 -3.283699498521007e-17 0.9999999999999969 1.9827889330414969e-16 1.000000000000002 1.1012419946517586 1.0654014402269272
11.0 1.0 10 -3.2836994985209985e-17 0.9999999999999993 2.0530452338185523e-16 0.9999999999999997 1.0965785997896405 1.0597257214756235
11.100000000000001 1.0 10 -3.2836994985210035e-17 0.999999999999998 1.8908485888147237e-16 1.0000000000000009 1.0942401457146984 1.058176496290098
11.200000000000001 1.0 10 -3.283699498520998e-17 0.9999999999999991 1.4554329963445425e-16 0.9999999999999998 1.0920073441054836 1.056420422099256
11.3 1.0 10 -3.2836994985209973e-17 0.9999999999999991 1.2069338584108646e-16 1.0 1.0842543535706761 1.0451476152601995
11.4 1.0 10 -3.283699498521003e-17 0.9999999999999987 8.057790545912279e-17 1.0 1.0704401303910913 1.0240150451312375
11.5 1.0 10 -3.2836994985209985e-17 1.0 3.5908775952719906e-17 0.9999999999999986 1.0573178517635522 1.0039650366542734
11.600000000000001 1.0 10 -3.283699498521001e-17 0.9999999999999984 -2.9490299091605762e-18 1.0000000000000002 1.0522235260574586 0.9944989333346589
11.700000000000001 1.0 10 -3.2836994985210004e-17 0.9999999999999989 -4.7444687067965726e-17 0.9999999999999998 1.055783955353881 0.9969257141480423
11.8 1.0 10 -3.2836994985210035e-17 0.9999999999999984 -7.294512216482484e-17 1.0000000000000004 1.0639078547169183 1.0067945259054942
11.9 1.0 10 -3.2836994985210004e-17 0.9999999999999991 -9.402201239794302e-17 0.9999999999999998 1.0718570768439697 1.0184398145567344
12.0 1.0 10 -3.283699498521006e-17 0.9999999999999971 -7.181755190544002e-17 1.0000000000000018 1.0775287985613224 1.0279626455494277
12.100000000000001 1.0 10 -3.283699498521e-17 1.0 -1.1483869410966463e-16 0.9999999999999982 1.0810615319148356 1.0337090214922648
12.200000000000001 1.0 10 -3.283699498521003e-17 0.9999999999999982 -9.419548474554078e-17 1.0000000000000009 1.0824956528611702 1.0355325109371305
12.3 1.0 10 -3.2836994985209936e-17 1.0000000000000013 -4.371503159461548e-17 0.9999999999999979 1.0819297715943919 1.0346352404496217
12.4 1.0 10 -3.2836994985210004e-17 0.9999999999999993 -2.775557561562893e-17 0.9999999999999993 1.0804196694869121 1.0330725782329853
12.5 1.0 10 -3.2836994985210035e-17 0.9999999999999996 -1.561251128379127e-18 0.9999999999999993 1.0787791374556328 1.0317344923813085
12.600000000000001 1.0 10 -3.283699498521006e-17 0.9999999999999982 1.4398204850607525e-17 1.000000000000001 1.0774108442144992 1.0306161715482633
12.700000000000001 1.0 10 -3.2836994985210004e-17 0.9999999999999996 4.87457296749483e-17 0.9999999999999997 1.077569196104683 1.0313084212733103
12.8 1.0 10 -3.283699498520995e-17 1.0000000000000018 7.303185833862345e-17 0.9999999999999971 1.0793079011798945 1.0339115480083292
12.9 1.0 10 -3.2836994985209973e-17 0.9999999999999993 9.952975943416937e-17 0.9999999999999993 1.0821611031673144 1.0376739260784271
13.0 1.0 10 -3.28369949852101e-17 0.9999999999999971 1.185683495830151e-16 1.000000000000002 1.0875117288192908 1.0449077051948203
13.100000000000001 1.0 10 -3.2836994985210084e-17 0.9999999999999967 9.23740250957653e-17 1.0000000000000027 1.0939861763924257 1.0546279742449443
13.200000000000001 1.0 10 -3.2836994985210016e-17 0.9999999999999991 9.601694439531635e-17 1.0 1.0977032593425589 1.0615744368856914
13.3 1.0 10 -3.2836994985210016e-17 1.0 7.233796894823286e-17 0.9999999999999989 1.0980763917321084 1.064260035966595
13.4 1.0 10 -3.2836994985210084e-17 0.9999999999999971 3.616898447411653e-17 1.0000000000000018 1.0945881197170855 1.0615138810970222
13.5 1.0 10 -3.283699498521001e-17 0.9999999999999993 1.0755285551056212e-17 1.0 1.0860543677052812 1.0493299931799556
13.600000000000001 1.0 10 -3.283699498521009e-17 0.9999999999999969 -2.0556473190325228e-17 1.000000000000002 1.0751998264336122 1.0313258272183143
13.700000000000001 1.0 10 -3.283699498521006e-17 0.9999999999999993 -5.186823193170657e-17 1.0000000000000004 1.0684774671378596 1.0211441331244056
13.8 1.0 10 -3.283699498521005e-17 0.9999999999999989 -7.528699885739351e-17 1.0 1.0668713649986643 1.0215384089931177
13.9 1.0 10 -3.2836994985210004e-17 0.9999999999999996 -9.688430613330472e-17 0.9999999999999991 1.0658976318783746 1.023097511696999
14.0 1.0 10 -3.283699498521e-17 0.9999999999999996 -1.0321604682062006e-16 0.9999999999999993 1.0638887485612871 1.0210284194322763
14.100000000000001 1.0 10 -3.283699498521008e-17 0.9999999999999984 -1.1284376211229147e-16 1.0000000000000004 1.0635728453253457 1.019605980753124
14.200000000000001 1.0 10 -3.283699498521001e-17 0.9999999999999989 -7.63278329429796e-17 1.0 1.0667756165354207 1.022087222944281
14.3 1.0 10 -3.283699498521004e-17 0.999999999999998 -8.439429710627184e-17 1.0000000000000013 1.0703051041306284 1.0258890142114232
14.4 1.0 10 -3.283699498521011e-17 0.9999999999999973 -9.393527622414436e-17 1.0000000000000013 1.0751790069687877 1.0327399506313824
14.5 1.0 10 -3.283699498521006e-17 0.9999999999999982 -5.754945131553067e-17 1.0000000000000004 1.0858809971614232 1.046630577446105
14.600000000000001 1.0 10 -3.283699498521011e-17 0.999999999999998 -4.432218481120751e-17 1.000000000000001 1.0991985213193254 1.0632521556834023
14.700000000000001 1.0 10 -3.2836994985210035e-17 0.9999999999999996 -3.747002708109905e-17 0.9999999999999993 1.1073522025354154 1.07261374868567
14.8 1.0 10 -3.2836994985210133e-17 0.9999999999999967 2.7755575615629006e-17 1.0000000000000022 1.1092336760125354 1.0729800693470561
14.9 1.0 10 -3.283699498521e-17 0.9999999999999991 3.486794186713385e-17 0.9999999999999998 1.1081773711025422 1.0701348351349702
15.0 1.0 10 -3.283699498520996e-17 1.0000000000000004 5.620504062164852e-17 0.9999999999999986 1.1064994325527788 1.067862992233278
15.100000000000001 1.0 10 -3.283699498521001e-17 0.9999999999999991 9.220055274816738e-17 0.9999999999999998 1.1046981701001233 1.0662128499139238
15.200000000000001 1.0 10 -3.283699498521003e-17 0.9999999999999991 1.0113437864944795e-16 0.9999999999999998 1.1015305995433338 1.0624800575086968
15.3 1.0 10 -3.283699498521001e-17 0.9999999999999993 1.1518563880486007e-16 1.0 1.0978062835704487 1.0574362866655713
15.4 1.0 10 -3.2836994985210053e-17 0.999999999999998 1.5248219353836165e-16 1.0000000000000007 1.0944035343927194 1.0514690058430642
15.5 1.0 10 -3.283699498521007e-17 0.9999999999999987 1.120631365481019e-16 1.000000000000001 1.0876470400342348 1.0367201773751815
15.600000000000001 1.0 10 -3.2836994985209985e-17 1.0000000000000009 9.176687187917302e-17 0.999999999999998 1.0764540346180373 1.0162018956773964
15.700000000000001 1.0 10 -3.2836994985209973e-17 1.0000000000000004 7.212112851373572e-17 0.9999999999999986 1.0677924898647204 1.0048418704868145
15.8 1.0 10 -3.283699498521001e-17 1.0 4.787836793695988e-17 0.9999999999999991 1.0681804814177154 1.0092237958876624
15.9 1.0 10 -3.283699498521006e-17 0.9999999999999984 2.489328188026722e-17 1.0000000000000004 1.0738987828243236 1.021651461975495
16.0 1.0 10 -3.283699498521005e-17 0.9999999999999982 4.510281037539706e-18 1.0000000000000009 1.0796096560795252 1.0327315566087103
16.1 1.0 10 -3.2836994985210035e-17 0.999999999999998 -2.2377932840100855e-17 1.0000000000000013 1.0830710456007542 1.0387224813919107
16.2 1.0 10 -3.283699498521002e-17 0.9999999999999987 -3.495467804093271e-17 1.0000000000000002 1.0839027417357312 1.0394421670318361
16.3 1.0 10 -3.283699498521003e-17 0.9999999999999984 -6.418476861114196e-17 1.0000000000000004 1.082169687686536 1.0355124577742765
16.400000000000002 1.0 10 -3.283699498520996e-17 0.9999999999999998 -7.164407955784215e-17 0.9999999999999991 1.0776462810575618 1.0273739042275052
16.5 1.0 10 -3.283699498520998e-17 1.0 -1.134509153288832e-16 0.9999999999999989 1.07109946888675 1.0169116927081583
16.6 1.0 10 -3.283699498521001e-17 0.9999999999999991 -1.0807327255335518e-16 0.9999999999999998 1.0642185775086088 1.0073706779962535
16.7 1.0 10 -3.283699498521002e-17 0.9999999999999996 -1.2411946470614062e-16 0.9999999999999998 1.059252448195822 1.0017109227872072
16.8 1.0 10 -3.283699498521004e-17 0.9999999999999996 -1.303644692196571e-16 0.9999999999999989 1.0593072931030547 1.0015226260259944
16.900000000000002 1.0 10 -3.283699498521e-17 0.9999999999999993 -1.1605300054284848e-16 0.9999999999999997 1.0618541004736783 1.0036894195281922
17.0 1.0 10 -3.2836994985209985e-17 0.9999999999999996 -7.7715611723761e-17 0.9999999999999993 1.0607757424752327 1.0017057406899688
17.1 1.0 10 -3.283699498521004e-17 0.999999999999998 -1.1032841307212514e-16 1.0000000000000009 1.0581893030751979 0.9977799589307862
17.2 1.0 10 -3.283699498521008e-17 0.9999999999999973 -1.0685896612017159e-16 1.0000000000000013 1.0620743324476662 1.0016966813065649
17.3 1.0 10 -3.283699498521005e-17 0.9999999999999987 -6.982261990806657e-17 1.0000000000000004 1.0718226433557638 1.015042019577685
17.400000000000002 1.0 10 -3.283699498521007e-17 0.9999999999999987 -6.761084747619615e-17 1.0000000000000004 1.0812739813809218 1.0314315313423348
17.5 1.0 10 -3.2836994985210035e-17 0.9999999999999987 -6.609296443471644e-17 1.0000000000000004 1.088480818032636 1.0457665629456436
17.6 1.0 10 -3.2836994985210016e-17 0.9999999999999989 -3.868433351428284e-17 0.9999999999999997 1.0926409054537591 1.0547037115748543
17.7 1.0 10 -3.2836994985209955e-17 1.0000000000000013 -9.410874857174166e-18 0.999999999999998 1.0927502592774665 1.0560057780340402
17.8 1.0 10 -3.283699498521001e-17 1.0 2.3678975447083417e-17 0.9999999999999993 1.0898161183723785 1.0516369557663185
17.900000000000002 1.0 10 -3.2836994985210035e-17 0.9999999999999987 3.712308238590372e-17 1.0000000000000002 1.0869460395224826 1.0467725523116214
18.0 1.0 10 -3.28369949852101e-17 0.9999999999999978 5.319095858213897e-17 1.0000000000000013 1.0848083699564612 1.0428713208231468
18.1 1.0 10 -3.283699498521006e-17 0.9999999999999987 6.947567521287122e-17 1.0000000000000009 1.0814577250232653 1.0375387444004907
18.2 1.0 10 -3.283699498521004e-17 0.9999999999999991 8.864436962241492e-17 0.9999999999999994 1.075107672700844 1.0284544533056679
18.3 1.0 10 -3.283699498521015e-17 0.9999999999999964 1.0750948742366299e-16 1.0000000000000022 1.0677893462537165 1.0187896942922796
18.400000000000002 1.0 10 -3.283699498521002e-17 0.9999999999999998 1.1037178115902438e-16 0.9999999999999991 1.0647313986179565 1.0148394451538638
18.5 1.0 10 -3.2836994985210035e-17 1.0 8.474124180146703e-17 0.9999999999999988 1.0662553314345355 1.0173332610203913
18.6 1.0 10 -3.283699498521006e-17 0.9999999999999998 8.348356728138387e-17 0.9999999999999988 1.0706024146000797 1.0241708936515144
18.7 1.0 10 -3.283699498521007e-17 0.9999999999999989 4.99600361081321e-17 1.0000000000000007 1.0765045520086451 1.0329281289578476
18.8 1.0 10 -3.283699498521006e-17 0.9999999999999991 2.3678975447083436e-17 0.9999999999999993 1.0830018247181297 1.0411934402897214
18.900000000000002 1.0 10 -3.2836994985210035e-17 1.0 1.1796119636642288e-17 0.9999999999999986 1.089466211881159 1.0489114909422965
19.0 1.0 10 -3.283699498521007e-17 0.9999999999999987 -1.0581813203458537e-17 1.0 1.0949363327418218 1.0566143376758044
19.1 1.0 10 -3.2836994985210053e-17 0.9999999999999996 -6.583275591331986e-17 0.9999999999999997 1.098037122219294 1.0619796229176943
19.200000000000003 1.0 10 -3.2836994985210115e-17 0.9999999999999982 -7.077671781985386e-17 1.000000000000001 1.0963565531962385 1.0596936387760931
19.3 1.0 10 -3.2836994985210016e-17 0.9999999999999993 -9.029235692459287e-17 1.0 1.0894201709163263 1.0491145669981494
19.400000000000002 1.0 10 -3.283699498521012e-17 0.9999999999999978 -1.1986939218999763e-16 1.0000000000000013 1.0866698247664146 1.0432514188512265
19.5 1.0 10 -3.283699498521013e-17 0.9999999999999982 -1.0969957581208353e-16 1.0000000000000007 1.0971519019315317 1.0546742198340486
19.6 1.0 10 -3.2836994985210066e-17 0.9999999999999996 -8.101158632811693e-17 0.9999999999999993 1.1108262230534491 1.07380049855495
19.700000000000003 1.0 10 -3.283699498521013e-17 0.9999999999999982 -5.772292366312835e-17 1.0000000000000007 1.1172025861008419 1.0825558349321285
19.8 1.0 10 -3.2836994985210035e-17 1.0 -6.938893903907228e-17 0.9999999999999994 1.117702970150941 1.0823889157361395
19.900000000000002 1.0 10 -3.283699498521009e-17 0.9999999999999989 1.2836953722228387e-17 1.0 1.1150071183047512 1.0782286742148353
20.0 1.0 10 -3.2836994985210084e-17 0.9999999999999991 5.000340419503151e-17 0.9999999999999998 1.1074423775156998 1.0682380847641004
