0.0 1.0 8 -2.656595553217606e-16 1.0000000000000004 -1.0702725192926467e-31 1.0 4.773865299657665e-28 -0.0
0.1 1.0 8 -2.6565955532176073e-16 1.0 2.6020852139652106e-18 1.0 0.04834139318455776 0.019887309913851885
0.2 1.0 8 -2.6565955532176043e-16 1.0000000000000009 -6.938893903907222e-18 1.0000000000000002 0.13220069293406464 0.07755747096363269
0.30000000000000004 1.0 8 -2.6565955532176043e-16 1.0000000000000004 -2.949029909160571e-17 1.0 0.21172565175625188 0.1620825604358415
0.4 1.0 8 -2.6565955532176063e-16 0.9999999999999998 -3.035766082959413e-17 1.0 0.2699004746459412 0.2432301550289754
0.5 1.0 8 -2.656595553217605e-16 1.0000000000000009 -1.821459649775646e-17 1.0 0.3096895003286405 0.28889120539990176
0.6000000000000001 1.0 8 -2.656595553217604e-16 1.0000000000000009 -4.076600168545467e-17 1.0000000000000002 0.347833866472022 0.31356928895817765
0.7000000000000001 1.0 8 -2.6565955532176063e-16 1.0 1.7780915629646164e-17 1.0 0.39510309359890194 0.35064763749363337
0.8 1.0 8 -2.6565955532176063e-16 1.0000000000000004 5.377642863789536e-17 1.0000000000000002 0.44628904911769635 0.40317294953077104
0.9 1.0 8 -2.6565955532176063e-16 1.0000000000000004 2.038333568360712e-17 1.0000000000000002 0.49397648518779813 0.45501655346573033
1.0 1.0 8 -2.656595553217605e-16 1.0000000000000009 6.10433691080535e-17 1.0 0.5363909793510949 0.49693236809535407
1.1 1.0 8 -2.6565955532176053e-16 1.0000000000000009 2.4896014358606852e-17 1.0 0.5757654031420509 0.5294305119131351
1.2000000000000002 1.0 8 -2.6565955532176073e-16 1.0000000000000004 5.0151127366485544e-17 1.0 0.616667846771239 0.5610213789568707
1.3 1.0 8 -2.6565955532176063e-16 1.0000000000000004 5.332349943706699e-17 1.0 0.6604641538779072 0.5989871521905454
1.4000000000000001 1.0 8 -2.656595553217608e-16 1.0000000000000009 1.1235437341299018e-16 1.0 0.7050211106352631 0.6415146930558993
1.5 1.0 8 -2.6565955532176063e-16 1.0000000000000004 8.948933418510027e-17 1.0000000000000002 0.7485354858258056 0.6837992240387947
1.6 1.0 8 -2.6565955532176063e-16 1.0000000000000004 8.098216812211965e-17 1.0 0.7907082162571805 0.7236288173240669
1.7000000000000002 1.0 8 -2.656595553217608e-16 1.0000000000000009 8.130499034069039e-17 1.0 0.8316263642344535 0.7613189849526131
1.8 1.0 8 -2.6565955532176063e-16 1.0000000000000009 3.330388770589142e-17 1.0 0.8704581097510384 0.7975974104179235
1.9000000000000001 1.0 8 -2.6565955532176073e-16 1.0000000000000004 8.221151825837064e-17 1.0000000000000002 0.9050475948303297 0.8319938771705089
2.0 1.0 8 -2.656595553217605e-16 1.0000000000000013 4.8716586761711794e-17 0.9999999999999998 0.9339112955877755 0.8629205743623575
2.1 1.0 8 -2.6565955532176073e-16 1.0000000000000004 2.2496424712482752e-17 1.0 0.9574805069654251 0.8905508533021196
2.2 1.0 8 -2.656595553217606e-16 1.0000000000000009 -4.719863951725159e-17 1.0000000000000004 0.9773190235940429 0.9161162273346919
2.3000000000000003 1.0 8 -2.656595553217604e-16 1.0000000000000009 -5.842986654152772e-17 1.0 0.9968633332669812 0.9411864401353752
2.4000000000000004 1.0 8 -2.656595553217608e-16 1.0 -1.2712857159115302e-16 1.0000000000000002 1.0189539847823708 0.9670558018640617
2.5 1.0 8 -2.656595553217605e-16 1.0000000000000009 -9.95945388673934e-17 0.9999999999999998 1.0428799609170567 0.9943695665323182
2.6 1.0 8 -2.6565955532176063e-16 1.0000000000000009 -8.358591973470912e-17 1.0 1.0650377423676536 1.0213358293673598
2.7 1.0 8 -2.6565955532176083e-16 1.0000000000000004 -6.918841666234628e-17 1.0000000000000002 1.0805720410062798 1.0419723997741663
2.8000000000000003 1.0 8 -2.6565955532176063e-16 1.0000000000000004 -7.15210297212507e-17 1.0 1.0864119878781668 1.0496096153578427
2.9000000000000004 1.0 8 -2.656595553217605e-16 1.0000000000000009 -4.655941076137565e-17 1.0 1.083805479873451 1.0456553325049236
3.0 1.0 8 -2.656595553217608e-16 1.0000000000000004 -3.3633344389083034e-17 1.0000000000000002 1.0771143213827419 1.0373948795616348
3.1 1.0 8 -2.656595553217606e-16 1.0000000000000004 -4.4635421488425364e-17 1.0000000000000004 1.0678228791213829 1.0247980027899928
3.2 1.0 8 -2.656595553217606e-16 1.0000000000000009 -2.555717855853927e-17 1.0 1.0523042577048425 1.002466211761546
3.3000000000000003 1.0 8 -2.656595553217607e-16 1.0000000000000004 -2.9144226094602266e-17 1.0000000000000002 1.0312018941255578 0.9721805885638067
3.4000000000000004 1.0 8 -2.6565955532176063e-16 1.0000000000000009 -1.67579413279684e-17 1.0000000000000002 1.009770255496653 0.943364357553454
3.5 1.0 8 -2.656595553217606e-16 1.0000000000000009 -1.2102020225532584e-17 0.9999999999999998 0.9934405150257676 0.9253208773218307
3.6 1.0 8 -2.6565955532176063e-16 1.0000000000000004 -1.150572866834963e-18 1.0 0.9816135901939647 0.9149149161354772
3.7 1.0 8 -2.6565955532176073e-16 1.0000000000000004 -6.22875004237818e-17 0.9999999999999998 0.9682210611711382 0.9010026667849883
3.8000000000000003 1.0 8 -2.6565955532176063e-16 1.0000000000000004 -6.39771964572674e-17 0.9999999999999998 0.956248425202094 0.8897937215443903
3.9000000000000004 1.0 8 -2.6565955532176053e-16 1.0000000000000004 -9.854644170953123e-17 1.0 0.9642607585274736 0.8982383027837549
4.0 1.0 8 -2.656595553217607e-16 1.0000000000000009 -8.614666732408414e-17 1.0 0.9826605401259741 0.9220937148270117
4.1000000000000005 1.0 8 -2.656595553217606e-16 1.0000000000000009 -7.448612951362577e-17 1.0000000000000002 0.9911004880352748 0.9374290773656373
4.2 1.0 8 -2.6565955532176063e-16 1.0000000000000004 -1.0417771021626421e-16 1.0 0.9864140794867731 0.9333344978246529
4.3 1.0 8 -2.656595553217609e-16 1.0 -9.758079836733703e-17 1.0 0.9738151158241714 0.9186255711034318
4.4 1.0 8 -2.656595553217606e-16 1.0000000000000009 -5.4963571546111336e-17 1.0 0.9581244253696466 0.900342277580716
4.5 1.0 8 -2.656595553217604e-16 1.0000000000000004 -2.646016209589286e-17 1.0 0.941178749464109 0.8792054990086382
4.6000000000000005 1.0 8 -2.6565955532176033e-16 1.0000000000000009 2.5823942960722858e-17 1.0000000000000002 0.9235974471258572 0.8564352623964512
4.7 1.0 8 -2.656595553217602e-16 1.0000000000000009 5.630634246353647e-17 1.0 0.9066796655946049 0.8360426991806523
4.800000000000001 1.0 8 -2.656595553217609e-16 0.9999999999999998 5.4620354557846394e-17 1.0000000000000002 0.8921775131922627 0.8220065808254133
4.9 1.0 8 -2.6565955532176083e-16 1.0 6.373270930204774e-17 1.0000000000000004 0.8807756689937776 0.8146369662617039
5.0 1.0 8 -2.6565955532176023e-16 1.0000000000000009 6.731071655503215e-17 1.0 0.8715137480225663 0.810946542024721
5.1000000000000005 1.0 8 -2.656595553217607e-16 1.0000000000000009 7.594062320482171e-17 1.0 0.8638316489863438 0.8095103548077592
5.2 1.0 8 -2.6565955532176053e-16 1.0000000000000009 2.944814062194329e-17 0.9999999999999998 0.8588992151657682 0.8117860001820619
5.300000000000001 1.0 8 -2.656595553217609e-16 1.0 2.578139749389729e-17 1.0 0.8573645262094793 0.8179156665865508
5.4 1.0 8 -2.6565955532176083e-16 1.0000000000000004 1.4820119499210972e-17 1.0000000000000002 0.8596355604903838 0.8259412764523876
5.5 1.0 8 -2.6565955532176063e-16 1.0000000000000004 -3.965690448747887e-17 1.0000000000000004 0.8694070718698326 0.8360798528305612
5.6000000000000005 1.0 8 -2.6565955532176073e-16 1.0000000000000004 -7.490723557343435e-17 1.0 0.8859389247671937 0.8480558484631746
5.7 1.0 8 -2.656595553217606e-16 1.0000000000000009 -1.0962193240397626e-16 1.0 0.9036920213715638 0.858906863675692
5.800000000000001 1.0 8 -2.656595553217607e-16 1.0000000000000009 -1.4689798523158106e-16 1.0 0.9211424233767528 0.8692574971247495
5.9 1.0 8 -2.6565955532176073e-16 1.0000000000000009 -1.4491995284514487e-16 1.0 0.9389540510417802 0.8819876877635745
6.0 1.0 8 -2.656595553217608e-16 1.0000000000000004 -1.2349064280194422e-16 1.0 0.9568995956404714 0.8967254329294749
6.1000000000000005 1.0 8 -2.656595553217608e-16 1.0000000000000009 -1.0241748717381894e-16 1.0 0.9739529302210759 0.911420398689272
6.2 1.0 8 -2.656595553217609e-16 1.0000000000000004 -1.1750423754607329e-16 1.0 0.989046106726489 0.9250020377518539
6.300000000000001 1.0 8 -2.656595553217609e-16 1.0 -5.1462335199628254e-17 1.0000000000000002 1.001655197590147 0.9380023497545001
6.4 1.0 8 -2.6565955532176083e-16 1.0 -4.422617690463733e-17 1.0000000000000004 1.0116163094220973 0.9511870983518934
6.5 1.0 8 -2.6565955532176097e-16 1.0000000000000004 -2.725958071806025e-17 1.0 1.0196091353602401 0.9634404420646955
6.6000000000000005 1.0 8 -2.6565955532176087e-16 1.0 -1.8636037858691936e-17 0.9999999999999999 1.0270548150712795 0.9740029759918272
6.7 1.0 8 -2.656595553217609e-16 1.0 4.518255645483393e-17 1.0000000000000002 1.0341105296435111 0.982890371244584
6.800000000000001 1.0 8 -2.656595553217609e-16 1.0 1.4261414088497602e-17 1.0000000000000002 1.0430849485965967 0.9916618384196196
6.9 1.0 8 -2.656595553217606e-16 1.0000000000000009 4.6348915623304586e-17 1.0 1.05413225189382 1.0026195680572372
7.0 1.0 8 -2.656595553217604e-16 1.0000000000000009 9.748071818053015e-17 1.0 1.0620382061556892 1.0112176750301591
7.1000000000000005 1.0 8 -2.656595553217609e-16 1.0000000000000004 6.24955778665648e-17 1.0 1.0661407505071239 1.016259066595252
7.2 1.0 8 -2.656595553217608e-16 0.9999999999999998 6.405676552622334e-17 1.0 1.0699951819899365 1.0231687082059824
7.300000000000001 1.0 8 -2.65659555321761e-16 1.0 1.5180419490033616e-17 1.0000000000000004 1.0739177206138866 1.0316605310046305
7.4 1.0 8 -2.6565955532176083e-16 1.0000000000000004 1.9993789686914377e-17 1.0 1.0759022474761861 1.0369349328661428
7.5 1.0 8 -2.6565955532176073e-16 1.0000000000000004 2.3232316506663075e-17 1.0 1.072674780897307 1.0328625672538763
7.6000000000000005 1.0 8 -2.6565955532176073e-16 1.0000000000000004 -2.2135299460375436e-17 1.0 1.067889428600215 1.0256444628972532
7.7 1.0 8 -2.656595553217609e-16 1.0000000000000004 4.836185656256214e-17 1.0 1.0693525974138345 1.0257064413108163
7.800000000000001 1.0 8 -2.6565955532176083e-16 1.0000000000000004 4.086102957931308e-17 1.0 1.073291930303195 1.02969776008036
7.9 1.0 8 -2.65659555321761e-16 1.0 3.999694223271203e-17 1.0 1.076823285987127 1.0334175567988784
8.0 1.0 8 -2.656595553217608e-16 1.0000000000000009 9.354848891074725e-17 1.0 1.0784004947633519 1.035450061789846
8.1 1.0 8 -2.6565955532176087e-16 1.0000000000000004 6.179237386821467e-17 1.0 1.0770420554144617 1.0346855538769602
8.200000000000001 1.0 8 -2.656595553217607e-16 1.0000000000000009 9.317447047518703e-17 1.0000000000000002 1.0726909614656277 1.029582869332879
8.3 1.0 8 -2.6565955532176083e-16 1.0000000000000004 8.301291490318922e-17 1.0 1.0687253156507686 1.0243392782442409
8.4 1.0 8 -2.656595553217606e-16 1.0000000000000009 8.748904566001713e-17 0.9999999999999998 1.0723915919653646 1.0290259579579986
8.5 1.0 8 -2.6565955532176083e-16 1.0000000000000004 9.226548107815546e-17 1.0 1.076943573873065 1.037204026395963
8.6 1.0 8 -2.656595553217609e-16 1.0000000000000004 7.282307941839921e-17 1.0000000000000002 1.0775580715590043 1.0395796322273265
8.700000000000001 1.0 8 -2.656595553217607e-16 1.0000000000000004 4.73932488837343e-17 1.0 1.0807944944642953 1.0458293351522925
8.8 1.0 8 -2.6565955532176083e-16 1.0000000000000004 1.1195237910671747e-17 1.0 1.086760977383935 1.0566481528226612
8.9 1.0 8 -2.6565955532176097e-16 1.0 5.779541274849254e-17 1.0 1.0841572914430935 1.0537775128942948
9.0 1.0 8 -2.656595553217609e-16 1.0 3.064535599714608e-17 1.0000000000000004 1.0681536501161015 1.0309140651613922
9.1 1.0 8 -2.656595553217609e-16 1.0 -1.2408031109804721e-17 1.0000000000000002 1.044781520536824 1.0013912896845725
9.200000000000001 1.0 8 -2.656595553217608e-16 1.0000000000000004 1.972466684142377e-17 1.0000000000000002 1.0287295326220578 0.9831040509006708
9.3 1.0 8 -2.6565955532176073e-16 1.0000000000000004 -5.3313154597637936e-17 1.0 1.0296040365352956 0.9845456963117167
9.4 1.0 8 -2.6565955532176073e-16 1.0000000000000004 -1.4310398493143636e-17 1.0 1.0442841403948007 1.0013422739556537
9.5 1.0 8 -2.6565955532176097e-16 1.0 9.765661114379987e-18 1.0000000000000002 1.0634603308931572 1.024087649865499
9.600000000000001 1.0 8 -2.656595553217609e-16 1.0 -1.1527542411231001e-17 1.0000000000000002 1.078975467136007 1.0439251488504464
9.700000000000001 1.0 8 -2.656595553217607e-16 1.0000000000000009 1.8809074616061044e-17 1.0 1.0886828776081685 1.0562762932969663
9.8 1.0 8 -2.6565955532176073e-16 1.0000000000000004 2.990431341286997e-17 1.0000000000000002 1.0924518570161668 1.0606378527678406
9.9 1.0 8 -2.6565955532176083e-16 1.0000000000000004 2.311076857747641e-17 1.0 1.0883393063040905 1.0540414768165272
10.0 1.0 8 -2.6565955532176083e-16 1.0 2.8982541253308295e-17 1.0 1.0753597913852553 1.0334034906476426
10.100000000000001 1.0 8 -2.6565955532176063e-16 1.0000000000000004 3.3031797760081204e-17 1.0 1.056432058744924 1.0069025049156113
10.200000000000001 1.0 8 -2.6565955532176083e-16 1.0000000000000004 3.102488917021331e-17 1.0 1.0393737330477335 0.9871328328174702
10.3 1.0 8 -2.656595553217609e-16 1.0000000000000004 8.437141387120986e-18 1.0000000000000002 1.0285534004956438 0.9740179080748036
10.4 1.0 8 -2.6565955532176083e-16 1.0 5.826234770459869e-17 1.0000000000000002 1.0193546200053278 0.9617674789598469
10.5 1.0 8 -2.656595553217607e-16 1.0000000000000004 2.629007809311309e-17 1.0 1.009855361231508 0.9473081459497463
10.600000000000001 1.0 8 -2.656595553217606e-16 1.0000000000000004 1.8529197343433712e-17 1.0 1.0003866697310775 0.9343656429502968
10.700000000000001 1.0 8 -2.65659555321761e-16 0.9999999999999998 3.367901893728394e-17 1.0000000000000002 1.0000774478406467 0.9362588591591969
10.8 1.0 8 -2.6565955532176063e-16 1.0000000000000009 2.0772118240988614e-17 1.0000000000000004 1.0155711978011976 0.9567275751582232
10.9 1.0 8 -2.656595553217606e-16 1.0000000000000009 1.8088429068654074e-17 0.9999999999999998 1.0375232880301124 0.9846567725643118
11.0 1.0 8 -2.656595553217607e-16 1.0000000000000009 4.9180351354314544e-17 1.0 1.0573550535044636 1.0091963089196052
11.100000000000001 1.0 8 -2.6565955532176083e-16 1.0000000000000004 8.528353281004345e-17 1.0 1.0723502562834073 1.0299624832276688
11.200000000000001 1.0 8 -2.656595553217609e-16 1.0 7.055081425223688e-17 1.0000000000000002 1.0822489594887708 1.047369741596764
11.3 1.0 8 -2.6565955532176083e-16 1.0000000000000004 1.0156438370666906e-16 1.0000000000000002 1.087825114482059 1.0591835252200374
11.4 1.0 8 -2.656595553217608e-16 1.0 9.416380548976199e-17 1.0000000000000004 1.0910055458752026 1.0640151996182625
11.5 1.0 8 -2.656595553217609e-16 0.9999999999999996 9.576224975160834e-17 1.0 1.0883487800048879 1.0589068349304966
11.600000000000001 1.0 8 -2.656595553217607e-16 1.0000000000000004 1.0696401335993034e-16 1.0 1.08018061388402 1.0485028409415442
11.700000000000001 1.0 8 -2.6565955532176073e-16 1.0000000000000004 1.1519172629218132e-16 0.9999999999999998 1.075833657346738 1.0423177512713948
11.8 1.0 8 -2.6565955532176083e-16 1.0000000000000004 -8.66406610249861e-18 1.0000000000000002 1.0809065441702996 1.0450917956899743
11.9 1.0 8 -2.6565955532176083e-16 1.0000000000000004 -2.811844520175346e-17 1.0 1.0914042198638763 1.0548207867650987
12.0 1.0 8 -2.6565955532176073e-16 1.0000000000000004 -3.9630185766233854e-17 1.0 1.098862044751732 1.0634735964275719
12.100000000000001 1.0 8 -2.656595553217607e-16 1.0000000000000009 -1.175903687778447e-16 1.0 1.1027127235730647 1.0681134765863027
12.200000000000001 1.0 8 -2.656595553217607e-16 1.0000000000000004 -1.5551625172260831e-16 1.0 1.1015896554599443 1.0666921284112967
12.3 1.0 8 -2.6565955532176073e-16 1.0000000000000004 -1.4047483579431887e-16 1.0000000000000002 1.093122683043727 1.0571640052826037
12.4 1.0 8 -2.656595553217608e-16 1.0000000000000004 -1.4878905324492564e-16 1.0 1.0868014665886487 1.0511542279542112
12.5 1.0 8 -2.6565955532176063e-16 1.0 -1.6002025200453403e-16 1.0000000000000002 1.0894206895386007 1.0546383647247264
12.600000000000001 1.0 8 -2.656595553217607e-16 1.0000000000000004 -1.7244992603344253e-16 1.0 1.0938431407013964 1.0583829334282462
12.700000000000001 1.0 8 -2.6565955532176073e-16 1.0000000000000004 -9.766575059195108e-17 1.0 1.0925512384125473 1.0538664732093928
12.8 1.0 8 -2.6565955532176063e-16 1.0000000000000004 -1.0086383037903194e-16 1.0 1.0852091844207385 1.0429868553901784
12.9 1.0 8 -2.656595553217608e-16 1.0000000000000004 -7.28313842336998e-17 1.0 1.0816211779496587 1.0402033178820993
13.0 1.0 8 -2.6565955532176073e-16 1.0 5.791729287670864e-18 1.0000000000000002 1.09035384736766 1.051369774703885
13.100000000000001 1.0 8 -2.6565955532176073e-16 1.0000000000000009 2.3207966359898387e-17 1.0 1.095287928105324 1.05971149814335
13.200000000000001 1.0 8 -2.6565955532176073e-16 1.0000000000000004 2.0134758351698413e-17 1.0000000000000002 1.092174039933866 1.0562990276628734
13.3 1.0 8 -2.6565955532176083e-16 1.0000000000000004 5.0038256397860737e-17 1.0000000000000004 1.0827890124274235 1.0443390869774098
13.4 1.0 8 -2.656595553217609e-16 1.0000000000000004 4.763814319307156e-17 1.0 1.0729905541216214 1.0312221442716583
13.5 1.0 8 -2.656595553217608e-16 1.0000000000000009 5.410463420739695e-17 1.0 1.0674993989603776 1.022400838463864
13.600000000000001 1.0 8 -2.656595553217606e-16 1.0000000000000009 2.7459295035465958e-17 1.0 1.0625637382226387 1.0165630126181702
13.700000000000001 1.0 8 -2.6565955532176083e-16 1.0000000000000004 2.1920570106211286e-17 1.0000000000000004 1.0526558841354048 1.006614198442783
13.8 1.0 8 -2.6565955532176053e-16 1.0000000000000009 -2.9171468116383465e-17 1.0000000000000004 1.0339469423789533 0.9847730177736189
13.9 1.0 8 -2.656595553217611e-16 1.0 -3.843490380836974e-17 1.0000000000000002 1.0050088999593272 0.948417442055435
14.0 1.0 8 -2.656595553217608e-16 1.0000000000000009 -6.226985535017635e-17 1.0 0.9692072593720719 0.9052058263061158
14.100000000000001 1.0 8 -2.6565955532176097e-16 1.0000000000000004 -5.791641635237577e-17 1.0 0.9376537749337647 0.8705413905666078
14.200000000000001 1.0 8 -2.6565955532176073e-16 1.0 -6.535861401968538e-17 1.0000000000000002 0.9276306294120715 0.8577297329415318
14.3 1.0 8 -2.656595553217609e-16 1.0 -8.074302960327706e-17 1.0000000000000002 0.9450652193300145 0.8714749150079609
14.4 1.0 8 -2.6565955532176083e-16 1.0 -4.7784111896673555e-17 1.0 0.975231516811336 0.9062575439745328
14.5 1.0 8 -2.6565955532176063e-16 1.0000000000000004 -4.5859974106720226e-17 1.0000000000000004 1.0030931614177763 0.9465133929054815
14.600000000000001 1.0 8 -2.656595553217607e-16 1.0000000000000004 2.584764410534593e-18 1.0000000000000004 1.0211640625429315 0.9739503085466168
14.700000000000001 1.0 8 -2.6565955532176073e-16 1.0000000000000004 1.1315587128318486e-17 1.0 1.0315520204033484 0.9851702399030454
14.8 1.0 8 -2.656595553217609e-16 1.0000000000000004 4.650095999664271e-17 1.0 1.0412917321310409 0.993493772726341
14.9 1.0 8 -2.656595553217609e-16 1.0 4.8446930092174614e-17 1.0 1.0535087558870584 1.0080356542206013
15.0 1.0 8 -2.6565955532176107e-16 1.0000000000000004 5.3132982707504874e-17 1.0 1.066347544947495 1.0255056480615956
15.100000000000001 1.0 8 -2.656595553217606e-16 1.0000000000000009 5.4007817299954267e-17 1.0 1.0783472888209067 1.0413324418503096
15.200000000000001 1.0 8 -2.656595553217609e-16 1.0000000000000004 2.111975873814825e-17 1.0 1.0876999476597196 1.0533486952712057
15.3 1.0 8 -2.656595553217608e-16 1.0000000000000004 1.4652857493533246e-17 1.0 1.091124357108542 1.0564616628094607
15.4 1.0 8 -2.6565955532176073e-16 1.0000000000000004 4.8773170605278266e-17 1.0 1.0892074538920407 1.0525255123198798
15.5 1.0 8 -2.656595553217609e-16 1.0000000000000004 -1.2208430547518346e-17 1.0000000000000002 1.084125174857706 1.0461067628796765
15.600000000000001 1.0 8 -2.656595553217609e-16 1.0000000000000004 -2.1640025580853156e-17 1.0000000000000002 1.07179168159035 1.0277888207528996
15.700000000000001 1.0 8 -2.6565955532176083e-16 1.0000000000000004 -9.811065000301169e-17 1.0 1.0505795075881519 0.9965204448035258
15.8 1.0 8 -2.6565955532176097e-16 1.0 -7.939256259991021e-17 1.0000000000000002 1.0261070475016323 0.9683469103660578
15.9 1.0 8 -2.6565955532176087e-16 1.0 -1.3008276848062918e-16 1.0000000000000002 1.006153280482314 0.95137059911118
16.0 1.0 8 -2.6565955532176083e-16 1.0000000000000004 -1.088263733636147e-16 1.0 0.9977046630440088 0.9448454366938825
16.1 1.0 8 -2.6565955532176117e-16 1.0 -8.943521581600598e-17 1.0000000000000002 0.9988437274094857 0.9451151156125414
16.2 1.0 8 -2.656595553217606e-16 1.0000000000000009 -9.317053316730341e-17 1.0 1.0017646405170757 0.9466788671007608
16.3 1.0 8 -2.65659555321761e-16 1.0000000000000004 -4.014789511914029e-17 1.0 1.001972188440543 0.946785470235311
16.400000000000002 1.0 8 -2.6565955532176083e-16 1.0 -7.4319265829869e-18 1.0000000000000004 1.0002683411206201 0.9459799885650015
16.5 1.0 8 -2.6565955532176087e-16 1.0 1.0136885665731243e-17 1.0000000000000002 0.9969455413873385 0.9398068169923355
16.6 1.0 8 -2.656595553217609e-16 1.0 4.4635377534249835e-17 1.0 0.9909738808893495 0.9261731159627774
16.7 1.0 8 -2.6565955532176073e-16 1.0000000000000004 6.954697056322855e-17 1.0 0.9826332545850374 0.9102025990264201
16.8 1.0 8 -2.6565955532176083e-16 1.0000000000000004 9.873869867526535e-17 1.0 0.975068241533419 0.9031082400780605
16.900000000000002 1.0 8 -2.6565955532176107e-16 1.0 1.0768877408257161e-16 1.0 0.9682415183653101 0.9030249788440889
17.0 1.0 8 -2.6565955532176073e-16 1.0 1.038748607349543e-16 1.0 0.9582516341017215 0.8966228444362292
17.1 1.0 8 -2.6565955532176073e-16 1.0000000000000004 1.0961802102365387e-16 1.0000000000000002 0.9522265804211415 0.8897368446262516
17.2 1.0 8 -2.6565955532176087e-16 0.9999999999999998 1.0145701103518438e-16 1.0 0.9647162775278746 0.8993632169658021
17.3 1.0 8 -2.656595553217611e-16 1.0 8.226709494173787e-17 0.9999999999999998 0.9908551506170125 0.9259705079101855
17.400000000000002 1.0 8 -2.6565955532176083e-16 1.0000000000000004 4.9416133748468017e-17 1.0 1.0177053385891441 0.9572931494425756
17.5 1.0 8 -2.656595553217609e-16 1.0000000000000004 8.355263721329876e-17 1.0000000000000002 1.0386074473712288 0.9863617218700637
17.6 1.0 8 -2.6565955532176073e-16 1.0000000000000004 8.002912432980488e-17 1.0 1.051360444200162 1.006765938086828
17.7 1.0 8 -2.6565955532176087e-16 1.0 3.660814090692981e-17 1.0 1.0579021077265536 1.0162246096585685
17.8 1.0 8 -2.6565955532176083e-16 1.0000000000000004 3.265901925286592e-17 1.0 1.0619916456599563 1.0191780937511616
17.900000000000002 1.0 8 -2.656595553217607e-16 1.0000000000000009 8.060873584806213e-17 1.0 1.0663371416281893 1.0223677627351127
18.0 1.0 8 -2.6565955532176083e-16 1.0 3.465901002257907e-17 1.0 1.0697193593259688 1.0272017503403277
18.1 1.0 8 -2.6565955532176073e-16 1.0000000000000004 3.1480689582736456e-17 1.0 1.073263612389927 1.0323076148235804
18.2 1.0 8 -2.6565955532176087e-16 1.0000000000000004 2.0816724800801303e-17 1.0 1.0745661588601756 1.0349468293814523
18.3 1.0 8 -2.6565955532176053e-16 1.0000000000000004 1.64616107560447e-17 1.0000000000000002 1.069114845538904 1.0288855711975704
18.400000000000002 1.0 8 -2.656595553217608e-16 1.0000000000000004 7.802805967507456e-18 0.9999999999999998 1.0612847403181511 1.0204674841591062
18.5 1.0 8 -2.656595553217609e-16 1.0 4.583652428736807e-18 1.0000000000000002 1.0606273176561167 1.022355439019545
18.6 1.0 8 -2.6565955532176087e-16 0.9999999999999998 2.510919973448938e-18 1.0 1.0681942652817518 1.0333975476815245
18.7 1.0 8 -2.6565955532176083e-16 1.0000000000000004 -1.1091521389902476e-17 1.0 1.0753864187007238 1.043031322141664
18.8 1.0 8 -2.6565955532176073e-16 1.0000000000000004 -2.974001889103547e-17 1.0 1.0769545476579334 1.0438362277473325
18.900000000000002 1.0 8 -2.6565955532176063e-16 1.0000000000000009 -4.9280068986084896e-17 0.9999999999999998 1.071786630644604 1.0350756181900995
19.0 1.0 8 -2.65659555321761e-16 1.0 -4.300871794476883e-18 1.0000000000000002 1.063007646678203 1.0225144165772966
19.1 1.0 8 -2.6565955532176063e-16 1.0000000000000004 4.454081619556295e-18 1.0 1.051661997740794 1.005649807172351
19.200000000000003 1.0 8 -2.6565955532176073e-16 1.0000000000000004 -1.8124890357460086e-17 1.0 1.0337727989655874 0.979911131564966
19.3 1.0 8 -2.6565955532176087e-16 1.0 -2.851342178083975e-17 1.0000000000000002 1.0117517024800475 0.9502278677214695
19.400000000000002 1.0 8 -2.6565955532176063e-16 1.0000000000000004 -1.4435100331816108e-17 1.0 0.99080456105138 0.9156900850537876
19.5 1.0 8 -2.6565955532176083e-16 1.0000000000000004 2.5496415752561618e-17 1.0 0.9666626387576767 0.873079846273384
19.6 1.0 8 -2.656595553217608e-16 1.0000000000000004 4.5446579401358435e-17 1.0 0.9404945089951003 0.8394446088963801
19.700000000000003 1.0 8 -2.6565955532176087e-16 0.9999999999999998 4.251077138283748e-17 1.0 0.9243461633935501 0.8307245581922333
19.8 1.0 8 -2.656595553217609e-16 1.0 6.464510309056777e-17 1.0000000000000002 0.9302439123307652 0.846385157540235
19.900000000000002 1.0 8 -2.65659555321761e-16 1.0 8.375625542701853e-17 1.0000000000000002 0.9591000428584335 0.880171609178728
20.0 1.0 8 -2.6565955532176083e-16 1.0000000000000004 1.0604774154522333e-16 1.0000000000000002 0.9975082752181428 0.9254318362897357
