0.0 1.0 6 -1.7356314839970723e-17 0.9999999999999998 2.2706752147227312e-32 0.9999999999999999 1.0146435819409828e-28 -0.0
0.1 1.0 6 -1.7356314839970775e-17 0.9999999999999996 5.05961013826569e-19 1.0000000000000004 0.0644551909176294 0.02651641322171915
0.2 1.0 6 -1.7356314839970796e-17 0.9999999999999993 -6.360652745248297e-18 1.0000000000000002 0.1762675910904639 0.1034099625042335
0.30000000000000004 1.0 6 -1.735631483997076e-17 0.9999999999999996 4.625929269271488e-18 1.0000000000000002 0.2823008622589324 0.21611011853160386
0.4 1.0 6 -1.735631483997074e-17 0.9999999999999998 -9.830099697201909e-18 0.9999999999999999 0.3598670145008296 0.3243070790408258
0.5 1.0 6 -1.7356314839970753e-17 0.9999999999999996 -3.319465651426454e-17 1.0000000000000002 0.41291656038437474 0.38518665601615315
0.6000000000000001 1.0 6 -1.735631483997076e-17 0.9999999999999993 4.0476881106125525e-18 1.0000000000000002 0.4637660067416494 0.4180738697122581
0.7000000000000001 1.0 6 -1.7356314839970673e-17 0.9999999999999996 -3.1803263726241474e-17 1.0 0.5267795544909709 0.46745140653963246
0.8 1.0 6 -1.7356314839970695e-17 0.9999999999999993 -1.503427012513234e-17 1.0000000000000002 0.5950602599067382 0.5373813642464204
0.9 1.0 6 -1.7356314839970636e-17 0.9999999999999996 -1.3733227518149728e-18 0.9999999999999999 0.6588109938001449 0.6064957140648591
1.0 1.0 6 -1.7356314839970664e-17 0.9999999999999996 1.2721305490496591e-17 0.9999999999999999 0.7157592505069096 0.6627805818063658
1.1 1.0 6 -1.7356314839970673e-17 0.9999999999999996 -1.3877787807814463e-17 0.9999999999999999 0.7688121450386093 0.7074965599027437
1.2000000000000002 1.0 6 -1.7356314839970627e-17 0.9999999999999996 -2.3129646346357435e-17 0.9999999999999999 0.8229342483495404 0.75228246932218
1.3 1.0 6 -1.7356314839970615e-17 0.9999999999999993 -2.1756323594542473e-17 1.0000000000000002 0.8770552418974044 0.8049600109754235
1.4000000000000001 1.0 6 -1.73563148399706e-17 0.9999999999999993 -4.1633363423443395e-17 1.0 0.9246413959913903 0.8584619288609456
1.5 1.0 6 -1.735631483997058e-17 0.9999999999999993 -4.047688110612552e-17 1.0 0.9590726332846734 0.8999143558063366
1.6 1.0 6 -1.73563148399706e-17 0.9999999999999993 -6.078760180402066e-17 0.9999999999999997 0.979176905783287 0.9245942100449044
1.7000000000000002 1.0 6 -1.7356314839970605e-17 0.9999999999999993 -3.9320398788807654e-17 1.0 0.9928544562837871 0.9410093072263713
1.8 1.0 6 -1.7356314839970593e-17 0.9999999999999993 -3.585095183685404e-17 1.0 1.0084577530787497 0.9578303793991201
1.9000000000000001 1.0 6 -1.7356314839970593e-17 0.9999999999999993 -2.1973164029039574e-17 1.0 1.0291461122335928 0.980151456679727
2.0 1.0 6 -1.735631483997055e-17 0.9999999999999993 -3.52727106781951e-17 1.0 1.053070853393387 1.0098884210163275
2.1 1.0 6 -1.735631483997058e-17 0.9999999999999993 -6.360652745248297e-18 1.0 1.0719908585813671 1.0364965421982948
2.2 1.0 6 -1.7356314839970562e-17 0.9999999999999993 1.5323390704461806e-17 1.0 1.0778986264975736 1.0448688912984594
2.3000000000000003 1.0 6 -1.735631483997053e-17 0.9999999999999993 2.4575249243004784e-18 0.9999999999999999 1.0747236617667881 1.0416141932601357
2.4000000000000004 1.0 6 -1.73563148399705e-17 0.9999999999999991 2.5442610980993194e-17 1.0000000000000002 1.0742259430107348 1.042961568087667
2.5 1.0 6 -1.7356314839970488e-17 0.9999999999999993 1.3877787807814466e-17 1.0 1.0697012230914966 1.038694961287048
2.6 1.0 6 -1.7356314839970504e-17 0.9999999999999993 3.006854025026468e-17 1.0 1.0487485189296446 1.0063233078156895
2.7 1.0 6 -1.735631483997047e-17 0.9999999999999996 1.1564823173178718e-17 0.9999999999999999 1.0125946264675765 0.953371045968661
2.8000000000000003 1.0 6 -1.73563148399705e-17 0.9999999999999991 1.1564823173178724e-17 1.0000000000000002 0.9708805548143916 0.9015665601867774
2.9000000000000004 1.0 6 -1.7356314839970525e-17 0.9999999999999993 3.238150488490042e-17 1.0 0.9293525000908812 0.8549375467000745
3.0 1.0 6 -1.7356314839970553e-17 0.9999999999999993 2.659909329831106e-17 1.0 0.8882146651952615 0.8099024302835485
3.1 1.0 6 -1.7356314839970494e-17 0.9999999999999993 5.782411586589361e-18 0.9999999999999999 0.8544810523549694 0.7795276929620863
3.2 1.0 6 -1.735631483997049e-17 0.9999999999999993 1.185394375250819e-17 1.0 0.8512380765524652 0.7819016004482447
3.3000000000000003 1.0 6 -1.7356314839970464e-17 0.9999999999999996 0.0 0.9999999999999999 0.8783014296545874 0.8112279613689509
3.4000000000000004 1.0 6 -1.7356314839970516e-17 0.9999999999999993 -8.095376221225105e-18 0.9999999999999999 0.9073405567121652 0.8445138187249093
3.5 1.0 6 -1.735631483997052e-17 0.9999999999999993 -2.0816681711721697e-17 0.9999999999999999 0.9258943406558774 0.8655172339342495
3.6 1.0 6 -1.73563148399705e-17 0.9999999999999993 -3.238150488490042e-17 0.9999999999999999 0.932740036759928 0.8688622425533339
3.7 1.0 6 -1.7356314839970507e-17 0.9999999999999993 -2.3129646346357444e-17 1.0 0.9306893235291042 0.8566179502281203
3.8000000000000003 1.0 6 -1.73563148399705e-17 0.9999999999999993 -2.775557561562893e-17 1.0 0.9225936145960308 0.8326921780513209
3.9000000000000004 1.0 6 -1.73563148399705e-17 0.9999999999999993 -3.093590198825308e-17 0.9999999999999999 0.9107914289229339 0.7999921027035638
4.0 1.0 6 -1.7356314839970504e-17 0.9999999999999993 -2.977941967093521e-17 0.9999999999999997 0.8978665163648275 0.7645705485262163
4.1000000000000005 1.0 6 -1.735631483997052e-17 0.9999999999999993 -2.0816681711721697e-17 0.9999999999999997 0.8868494713650831 0.7356896970745211
4.2 1.0 6 -1.7356314839970482e-17 0.9999999999999991 -1.387778780781447e-17 1.0000000000000002 0.8811996850080407 0.7214128382758709
4.3 1.0 6 -1.7356314839970507e-17 0.9999999999999993 2.0816681711721697e-17 0.9999999999999999 0.884315032437912 0.7257095674481943
4.4 1.0 6 -1.73563148399705e-17 0.9999999999999993 8.095376221225105e-18 1.0 0.897126708513809 0.7474500645769565
4.5 1.0 6 -1.735631483997048e-17 0.9999999999999993 5.724587470723467e-17 0.9999999999999999 0.9153680053409108 0.7796560019417725
4.6000000000000005 1.0 6 -1.7356314839970442e-17 0.9999999999999991 3.469446951953617e-17 1.0000000000000002 0.9315529560125867 0.8101816176428422
4.7 1.0 6 -1.7356314839970473e-17 0.9999999999999993 1.1102230246251573e-16 1.0000000000000002 0.9402488511132061 0.8276000539074654
4.800000000000001 1.0 6 -1.7356314839970427e-17 0.9999999999999993 6.938893903907233e-17 1.0 0.9407707739857366 0.8314999456772382
4.9 1.0 6 -1.7356314839970458e-17 0.9999999999999996 9.251858538542974e-17 0.9999999999999999 0.9346380820506713 0.8307719083467869
5.0 1.0 6 -1.7356314839970433e-17 0.9999999999999993 5.970339963153516e-17 1.0 0.9202514949902622 0.8236599292099324
5.1000000000000005 1.0 6 -1.735631483997044e-17 0.9999999999999996 6.514248053017075e-17 0.9999999999999999 0.8995312149397727 0.8044604297317176
5.2 1.0 6 -1.7356314839970476e-17 0.9999999999999996 2.6382252863813955e-17 1.0 0.898000360101754 0.7975411282389845
5.300000000000001 1.0 6 -1.7356314839970485e-17 0.9999999999999996 2.1394922870380628e-17 1.0000000000000002 0.928095275042164 0.8292393841237997
5.4 1.0 6 -1.7356314839970467e-17 0.9999999999999996 -1.156482317317872e-18 1.0 0.9634714629793019 0.8801590940403399
5.5 1.0 6 -1.735631483997048e-17 0.9999999999999993 -6.938893903907233e-18 1.0 0.983262247384381 0.9080328204834681
5.6000000000000005 1.0 6 -1.7356314839970433e-17 0.9999999999999996 -4.0476881106125515e-17 1.0 0.9840939403701271 0.9028840842953559
5.7 1.0 6 -1.7356314839970427e-17 0.9999999999999996 -6.245004513516508e-17 1.0 0.9669576857103818 0.8756086812757543
5.800000000000001 1.0 6 -1.735631483997042e-17 0.9999999999999996 -4.163336342344339e-17 1.0 0.9351187892513444 0.8410910244892603
5.9 1.0 6 -1.7356314839970414e-17 0.9999999999999993 -7.170190367370808e-17 1.0000000000000002 0.9021273045450643 0.8180098790053987
6.0 1.0 6 -1.7356314839970442e-17 0.9999999999999993 -8.904913843347616e-17 1.0 0.9020901174911667 0.8204671544077508
6.1000000000000005 1.0 6 -1.7356314839970424e-17 0.9999999999999993 -5.348730717595159e-17 1.0 0.9415360367243055 0.8535118516051775
6.2 1.0 6 -1.7356314839970464e-17 0.9999999999999996 -5.0885221961986364e-17 1.0000000000000002 0.9860879969679939 0.9079180496372089
6.300000000000001 1.0 6 -1.7356314839970408e-17 0.9999999999999996 -2.1973164029039565e-17 1.0000000000000002 1.0142670369195401 0.9562886640365016
6.4 1.0 6 -1.7356314839970448e-17 0.9999999999999998 -6.93889390390723e-18 0.9999999999999999 1.0186188671713667 0.9677714929093416
6.5 1.0 6 -1.7356314839970433e-17 0.9999999999999996 -1.6768993601109143e-17 1.0000000000000002 1.0033105651505971 0.9458791408159549
6.6000000000000005 1.0 6 -1.7356314839970467e-17 0.9999999999999998 2.3129646346357432e-17 0.9999999999999999 0.9812819650962594 0.9170987200888031
6.7 1.0 6 -1.7356314839970408e-17 0.9999999999999996 -1.850371707708595e-17 1.0000000000000002 0.9535249879717494 0.8759860985016988
6.800000000000001 1.0 6 -1.7356314839970445e-17 0.9999999999999996 -1.2721305490496591e-17 1.0 0.9090215900676099 0.8120574745918212
6.9 1.0 6 -1.7356314839970396e-17 0.9999999999999998 -3.353798720221828e-17 0.9999999999999999 0.8610567960147218 0.7580468826808481
7.0 1.0 6 -1.735631483997045e-17 0.9999999999999996 -5.001786022399796e-17 1.0000000000000002 0.8666459529360336 0.7540831018381379
7.1000000000000005 1.0 6 -1.7356314839970442e-17 0.9999999999999996 -5.478834978293418e-17 1.0000000000000002 0.929753672657372 0.8125369054690644
7.2 1.0 6 -1.735631483997045e-17 0.9999999999999996 -6.375108774214769e-17 1.0000000000000002 0.9960328081387185 0.9083550520082717
7.300000000000001 1.0 6 -1.7356314839970405e-17 0.9999999999999998 -6.996718019773124e-17 0.9999999999999999 1.0332160409886282 0.9801698867448737
7.4 1.0 6 -1.7356314839970433e-17 0.9999999999999996 -5.204170427930424e-17 1.0 1.0403355256125204 0.9952823931593079
7.5 1.0 6 -1.7356314839970448e-17 0.9999999999999996 -5.551115123125785e-17 1.0000000000000002 1.035729583575783 0.9879002377593773
7.6000000000000005 1.0 6 -1.7356314839970467e-17 0.9999999999999998 -3.9320398788807636e-17 0.9999999999999999 1.0306378772998424 0.9820378439021412
7.7 1.0 6 -1.735631483997046e-17 0.9999999999999998 -2.5153490401663706e-17 0.9999999999999999 1.0224019082049318 0.9746409598659672
7.800000000000001 1.0 6 -1.7356314839970396e-17 0.9999999999999998 3.469446951953615e-18 0.9999999999999999 1.014665037127101 0.9678299268272563
7.9 1.0 6 -1.7356314839970424e-17 1.0 5.782411586589357e-18 1.0000000000000002 1.0111354757900066 0.9659344747738059
8.0 1.0 6 -1.7356314839970458e-17 0.9999999999999998 5.955883934187039e-17 1.0 1.0121989733213617 0.9710491573431618
8.1 1.0 6 -1.7356314839970445e-17 0.9999999999999998 5.782411586589359e-17 0.9999999999999999 1.028093873836592 0.986265488741623
8.200000000000001 1.0 6 -1.735631483997045e-17 0.9999999999999998 1.676899360110914e-17 1.0 1.0476623636902282 1.0062579888665946
8.3 1.0 6 -1.7356314839970488e-17 1.0 3.700743415417188e-17 1.0 1.058082959172335 1.0205720976832835
8.4 1.0 6 -1.7356314839970464e-17 0.9999999999999998 3.469446951953615e-17 1.0000000000000002 1.0574574742857321 1.0231235371703482
8.5 1.0 6 -1.7356314839970445e-17 0.9999999999999998 2.602085213965211e-17 1.0000000000000002 1.053239471932116 1.0187831456312353
8.6 1.0 6 -1.7356314839970482e-17 0.9999999999999998 2.5442610980993176e-17 1.0000000000000002 1.0510476221597598 1.0149092813415532
8.700000000000001 1.0 6 -1.7356314839970464e-17 1.0 -3.700743415417188e-17 1.0 1.0470591530040876 1.0108345469878293
8.8 1.0 6 -1.7356314839970458e-17 1.0 -6.013708050052931e-17 0.9999999999999999 1.037642152697633 1.0017357471006754
8.9 1.0 6 -1.7356314839970464e-17 0.9999999999999998 -5.782411586589359e-17 0.9999999999999999 1.0230289626347204 0.9844374391709927
9.0 1.0 6 -1.7356314839970458e-17 0.9999999999999998 -5.319818659662209e-17 1.0000000000000002 1.0038290557017673 0.9580767857183431
9.1 1.0 6 -1.7356314839970467e-17 1.0 -5.782411586589357e-17 1.0 0.977877515097715 0.926478183472028
9.200000000000001 1.0 6 -1.735631483997047e-17 1.0 -7.806255641895632e-17 1.0 0.9479933191289222 0.8996084193241938
9.3 1.0 6 -1.7356314839970448e-17 1.0 -5.4932910072598893e-17 1.0000000000000002 0.9286449460014801 0.8880847575543149
9.4 1.0 6 -1.7356314839970427e-17 1.0 -4.2789845740761244e-17 1.0 0.9344371770017371 0.8980808162901428
9.5 1.0 6 -1.7356314839970417e-17 1.0 -2.3129646346357427e-18 1.0 0.9728853835254823 0.9313248165505589
9.600000000000001 1.0 6 -1.735631483997043e-17 1.0 1.1564823173178714e-17 1.0000000000000002 1.0213040408797858 0.9824346162676646
9.700000000000001 1.0 6 -1.7356314839970464e-17 1.0 4.625929269271485e-18 1.0000000000000002 1.0545951322041898 1.0268206666294888
9.8 1.0 6 -1.735631483997046e-17 1.0 4.712665443070326e-17 1.0 1.0582790752763283 1.0294479159954484
9.9 1.0 6 -1.7356314839970427e-17 1.0 6.938893903907228e-17 1.0000000000000002 1.0350494956553729 0.9980975429831992
10.0 1.0 6 -1.7356314839970387e-17 1.0000000000000004 7.864079757761522e-17 0.9999999999999997 1.0092178548092334 0.9741245956224694
10.100000000000001 1.0 6 -1.7356314839970445e-17 1.0 1.0639637319324417e-16 1.0000000000000002 1.0154675765331929 0.9766982735806841
10.200000000000001 1.0 6 -1.7356314839970408e-17 1.0000000000000004 8.904913843347606e-17 0.9999999999999999 1.038598988635683 0.9977628028887557
10.3 1.0 6 -1.7356314839970377e-17 1.0000000000000004 7.632783294297948e-17 0.9999999999999999 1.0564325905633092 1.0203630943315516
10.4 1.0 6 -1.73563148399704e-17 1.0 9.020562075079397e-17 1.0000000000000002 1.0664681676398093 1.0370511928711172
10.5 1.0 6 -1.7356314839970402e-17 1.0 7.401486830834377e-17 1.0000000000000002 1.0738796251865435 1.049544378432053
10.600000000000001 1.0 6 -1.7356314839970377e-17 1.0 6.47630097698008e-17 1.0000000000000002 1.0774449697241835 1.053925266775949
10.700000000000001 1.0 6 -1.735631483997043e-17 1.0000000000000004 4.8572257327350574e-17 0.9999999999999999 1.0758211201772856 1.049026813502556
10.8 1.0 6 -1.735631483997044e-17 1.0000000000000004 4.221160458210229e-17 0.9999999999999999 1.0677084772487284 1.0351519853351066
10.9 1.0 6 -1.7356314839970467e-17 1.0 8.384496800554567e-18 1.0000000000000002 1.0448041907684165 0.9954645517432682
11.0 1.0 6 -1.7356314839970476e-17 1.0 -8.962737959213504e-18 1.0000000000000004 0.9996808468108984 0.921123253888421
11.100000000000001 1.0 6 -1.7356314839970436e-17 1.0000000000000004 -1.4745149545802854e-17 0.9999999999999997 0.9451512459267436 0.8550046123531138
11.200000000000001 1.0 6 -1.7356314839970442e-17 1.0 -4.625929269271485e-18 1.0000000000000002 0.9330414905714141 0.8435809462951248
11.3 1.0 6 -1.7356314839970427e-17 1.0 2.3129646346357427e-18 1.0000000000000002 0.9689143194698112 0.8866327873693683
11.4 1.0 6 -1.7356314839970482e-17 1.0000000000000004 9.396418828207701e-18 0.9999999999999997 1.00401138249883 0.943543715546455
11.5 1.0 6 -1.735631483997047e-17 1.0 2.3707887505016363e-17 1.0000000000000002 1.0238907522049077 0.9786590996599854
11.600000000000001 1.0 6 -1.7356314839970485e-17 1.0 1.8937397946080143e-17 1.0000000000000002 1.0408527153877893 1.0019822994296148
11.700000000000001 1.0 6 -1.735631483997047e-17 1.0 3.23815048849004e-17 1.0000000000000002 1.0557509508788054 1.0240710191197224
11.8 1.0 6 -1.7356314839970427e-17 1.0 3.623042259722394e-17 1.0000000000000002 1.061669791451958 1.0324405074763523
11.9 1.0 6 -1.735631483997037e-17 1.0 4.7415775010032725e-17 1.0000000000000002 1.0629093683416677 1.03379973267421
12.0 1.0 6 -1.7356314839970353e-17 1.0000000000000004 3.3537987202218256e-17 0.9999999999999999 1.0646888517886142 1.0333747605821013
12.100000000000001 1.0 6 -1.735631483997034e-17 1.0 2.1973164029039556e-17 1.0000000000000002 1.0607176018259785 1.0209509078739052
12.200000000000001 1.0 6 -1.735631483997032e-17 1.0 1.713039432527097e-17 1.0000000000000002 1.053498057098181 1.0098034858845593
12.3 1.0 6 -1.7356314839970334e-17 1.0 1.734723475976807e-18 1.0000000000000002 1.052372897443167 1.01364546933507
12.4 1.0 6 -1.735631483997032e-17 1.0 9.830099697201907e-18 1.0000000000000002 1.0605844628940442 1.0267242880676437
12.5 1.0 6 -1.7356314839970343e-17 1.0 -2.42861286636753e-17 1.0000000000000002 1.0683517092122197 1.0365993148118497
12.600000000000001 1.0 6 -1.735631483997031e-17 1.0000000000000004 -3.238150488490038e-17 1.0 1.0712376114461108 1.039693326486475
12.700000000000001 1.0 6 -1.7356314839970368e-17 1.0 -4.85722573273506e-17 1.0000000000000002 1.075061222636245 1.043035796435568
12.8 1.0 6 -1.7356314839970343e-17 1.0000000000000004 -2.197316402903955e-17 1.0000000000000002 1.0703865050993555 1.037570214002147
12.9 1.0 6 -1.7356314839970356e-17 1.0000000000000004 -3.642919299551293e-17 1.0 1.0521620979161252 1.0173657742650688
13.0 1.0 6 -1.7356314839970343e-17 1.0000000000000004 -8.962737959213499e-18 1.0000000000000002 1.0494613092352554 1.0152609435661284
13.100000000000001 1.0 6 -1.7356314839970328e-17 1.0000000000000004 -1.2576745200831845e-17 1.0000000000000002 1.0730225186499898 1.0407065149662877
13.200000000000001 1.0 6 -1.7356314839970322e-17 1.0000000000000004 2.4575249243004757e-18 1.0000000000000002 1.0854312753305815 1.0576673868524364
13.3 1.0 6 -1.7356314839970334e-17 1.0000000000000004 2.0816681711721676e-17 1.0 1.0799524657077864 1.052048356654686
13.4 1.0 6 -1.7356314839970347e-17 1.0000000000000004 3.2959746043559316e-17 1.0 1.0662452765974944 1.034713461466435
13.5 1.0 6 -1.7356314839970353e-17 1.0000000000000004 4.163336342344335e-17 1.0000000000000002 1.0450249198665222 1.00620243838265
13.600000000000001 1.0 6 -1.735631483997034e-17 1.0000000000000004 4.39463280580791e-17 1.0000000000000002 1.0103121560164279 0.9638940549413935
13.700000000000001 1.0 6 -1.7356314839970303e-17 1.0000000000000004 2.8912057932946775e-17 1.0 0.9614966679247482 0.9054036284552608
13.8 1.0 6 -1.735631483997031e-17 1.0000000000000004 2.312964634635742e-17 1.0000000000000002 0.9043140614600694 0.8417904772542723
13.9 1.0 6 -1.7356314839970294e-17 1.0000000000000004 1.9660199394403806e-17 0.9999999999999999 0.8546504455158147 0.7963752267511345
14.0 1.0 6 -1.7356314839970276e-17 1.0000000000000004 3.75856753128308e-18 1.0000000000000002 0.8365223679496565 0.7825676950784559
14.100000000000001 1.0 6 -1.7356314839970248e-17 1.0000000000000004 -2.2551405187698483e-17 1.0000000000000002 0.8574484823481131 0.7983522503654571
14.200000000000001 1.0 6 -1.7356314839970242e-17 1.0000000000000004 -1.619075244245019e-17 1.0000000000000002 0.8935414784265446 0.8336864794900442
14.3 1.0 6 -1.7356314839970285e-17 1.0000000000000004 -2.8912057932946775e-17 0.9999999999999999 0.9261912949602272 0.8758871615808986
14.4 1.0 6 -1.7356314839970242e-17 1.0000000000000004 -1.4745149545802854e-17 1.0000000000000002 0.9472644061187875 0.9102881213196735
14.5 1.0 6 -1.7356314839970208e-17 1.0000000000000004 -6.881069788041332e-17 1.0000000000000002 0.9529051441485872 0.923034388783941
14.600000000000001 1.0 6 -1.7356314839970174e-17 1.0000000000000004 -6.707597440443651e-17 1.0000000000000002 0.9429107519072041 0.9133039676533755
14.700000000000001 1.0 6 -1.7356314839970183e-17 1.0000000000000004 -5.3776427755280995e-17 1.0 0.9302860808068131 0.9008641185838928
14.8 1.0 6 -1.735631483997018e-17 1.0000000000000004 -6.187180397650609e-17 1.0000000000000002 0.9465564215584297 0.909515654945903
14.9 1.0 6 -1.735631483997017e-17 1.0000000000000004 -6.129356281784716e-17 1.0000000000000002 0.9886629245816566 0.9432953392759473
15.0 1.0 6 -1.7356314839970223e-17 1.0000000000000004 -5.955883934187036e-17 1.0000000000000002 1.029081372513252 0.9859885059625574
15.100000000000001 1.0 6 -1.7356314839970168e-17 1.0000000000000004 -4.163336342344335e-17 1.0000000000000002 1.0552277829187862 1.021217081644031
15.200000000000001 1.0 6 -1.735631483997018e-17 1.0000000000000004 2.8912057932946775e-18 1.0000000000000002 1.05420228622169 1.0210459015556876
15.3 1.0 6 -1.735631483997013e-17 1.0000000000000004 0.0 1.0000000000000002 1.0209255916027924 0.9712279643156215
15.4 1.0 6 -1.735631483997018e-17 1.0000000000000004 1.619075244245019e-17 1.0000000000000002 0.9744018827866466 0.9183178410045802
15.5 1.0 6 -1.735631483997018e-17 1.0000000000000004 2.8912057932946775e-17 1.0000000000000002 0.9523026394492251 0.89306947511847
15.600000000000001 1.0 6 -1.7356314839970156e-17 1.0000000000000004 3.064678140892358e-17 1.0000000000000002 0.9655544070377302 0.8917422050554622
15.700000000000001 1.0 6 -1.7356314839970205e-17 1.0000000000000004 5.782411586589355e-18 1.0000000000000002 0.9903400546193106 0.9097031846043014
15.8 1.0 6 -1.7356314839970183e-17 1.0000000000000004 3.700743415417187e-17 0.9999999999999999 1.0148422669546306 0.942626053173408
15.9 1.0 6 -1.7356314839970202e-17 1.0000000000000004 1.156482317317871e-18 0.9999999999999999 1.0331488772816881 0.9784863146731227
16.0 1.0 6 -1.735631483997015e-17 1.0000000000000004 5.0596101382656856e-18 0.9999999999999999 1.0449077605237862 1.005324905385449
16.1 1.0 6 -1.7356314839970115e-17 1.0000000000000004 -9.251858538542968e-18 1.0000000000000002 1.0585427714854294 1.024844750311694
16.2 1.0 6 -1.7356314839970125e-17 1.0000000000000004 -1.387778780781445e-17 0.9999999999999999 1.0742111121046116 1.0433927503761609
16.3 1.0 6 -1.735631483997013e-17 1.0000000000000004 -2.77555756156289e-17 0.9999999999999999 1.0762442840552036 1.044148421942666
16.400000000000002 1.0 6 -1.7356314839970143e-17 1.0000000000000004 -1.6479873021779658e-17 1.0 1.0533201386893853 1.0055232296570356
16.5 1.0 6 -1.735631483997013e-17 1.0 -1.3877787807814457e-17 1.0000000000000002 1.0095349837077467 0.9469196975738242
16.6 1.0 6 -1.73563148399701e-17 1.0000000000000004 -5.782411586589355e-19 1.0000000000000002 0.9659453866469322 0.9047806619370959
16.7 1.0 6 -1.7356314839970122e-17 1.0000000000000004 -3.4694469519536126e-18 1.0 0.9552993523169717 0.8971244887999138
16.8 1.0 6 -1.7356314839970106e-17 1.0000000000000004 9.251858538542968e-18 1.0000000000000002 0.9862183376414583 0.9211048480304912
16.900000000000002 1.0 6 -1.7356314839970097e-17 1.0000000000000004 1.8503717077085935e-17 0.9999999999999999 1.0221375070081746 0.958701078807955
17.0 1.0 6 -1.7356314839970085e-17 1.0000000000000004 1.7347234759768062e-17 1.0 1.0447185773029848 0.9896664232360405
17.1 1.0 6 -1.7356314839970063e-17 1.0000000000000004 2.8333816774287835e-17 0.9999999999999999 1.0543661324779485 1.0071460476893674
17.2 1.0 6 -1.735631483997007e-17 1.0000000000000004 1.7347234759768062e-17 0.9999999999999999 1.0545441243128275 1.010919424710379
17.3 1.0 6 -1.7356314839970057e-17 1.0000000000000004 3.006854025026464e-17 1.0 1.0508217902642307 1.010757608125869
17.400000000000002 1.0 6 -1.7356314839970075e-17 1.0000000000000004 4.625929269271484e-18 1.0000000000000002 1.0495052160764102 1.013088701464105
17.5 1.0 6 -1.7356314839970122e-17 1.0000000000000004 4.163336342344335e-17 1.0000000000000002 1.0395015809803902 0.9983938152957129
17.6 1.0 6 -1.7356314839970097e-17 1.0000000000000004 3.006854025026464e-17 1.0 1.0176413691650164 0.971495184752656
17.7 1.0 6 -1.7356314839970156e-17 1.0000000000000004 2.0816681711721676e-17 0.9999999999999999 0.9905058242359729 0.9383630417868773
17.8 1.0 6 -1.7356314839970106e-17 1.0000000000000004 1.619075244245019e-17 0.9999999999999999 0.9491166045659946 0.8732133651338013
17.900000000000002 1.0 6 -1.7356314839970094e-17 1.0000000000000004 1.0408340855860838e-17 0.9999999999999999 0.8799789369519665 0.7860338100436413
18.0 1.0 6 -1.7356314839970045e-17 1.0000000000000004 -1.8503717077085935e-17 1.0000000000000002 0.795002817240401 0.7188491166702368
18.1 1.0 6 -1.7356314839970057e-17 1.0000000000000004 1.084202172485504e-17 1.0 0.7356500235710018 0.6936492544093098
18.2 1.0 6 -1.7356314839970066e-17 1.0000000000000004 -2.2479125042866117e-17 0.9999999999999999 0.770265060973316 0.714311179327578
18.3 1.0 6 -1.735631483997003e-17 1.0000000000000004 -2.6020852139652094e-17 0.9999999999999999 0.8685578571873779 0.7811203498706488
18.400000000000002 1.0 6 -1.7356314839970023e-17 1.0000000000000004 -2.5442610980993157e-17 0.9999999999999999 0.9752794534721682 0.889445516633617
18.5 1.0 6 -1.7356314839970008e-17 1.0000000000000004 -4.7126654430703237e-17 0.9999999999999999 1.0535130327089481 1.0088017452994125
18.6 1.0 6 -1.735631483996999e-17 1.0 -4.5391930954726454e-17 1.0000000000000002 1.0821266828590976 1.0650743516728864
18.7 1.0 6 -1.735631483996991e-17 1.0000000000000004 -2.8333816774287835e-17 1.0000000000000002 1.0597742365082126 1.0277444564485503
18.8 1.0 6 -1.7356314839969968e-17 1.0000000000000004 0.0 0.9999999999999999 1.00664731180274 0.9683178645244993
18.900000000000002 1.0 6 -1.7356314839969958e-17 1.0000000000000004 1.6768993601109128e-17 1.0000000000000002 0.9657863063729962 0.942527766354265
19.0 1.0 6 -1.735631483996999e-17 1.0000000000000004 2.6888213877640498e-17 1.0000000000000002 0.988871761706212 0.9598728508892426
19.1 1.0 6 -1.735631483997e-17 1.0000000000000004 1.8503717077085935e-17 1.0000000000000002 1.0365026437370897 1.0050775098100906
19.200000000000003 1.0 6 -1.735631483996997e-17 1.0000000000000004 2.73218947466347e-17 1.0 1.0638299694639906 1.0417934288610093
19.3 1.0 6 -1.735631483996995e-17 1.0000000000000004 2.3563327215351618e-17 1.0 1.061548161456731 1.0397598202971843
19.400000000000002 1.0 6 -1.735631483996994e-17 1.0000000000000004 2.0238440553062742e-17 1.0 1.0479078508675697 1.0233679638643463
19.5 1.0 6 -1.7356314839969946e-17 1.0000000000000004 8.095376221225096e-18 0.9999999999999999 1.0538850663936672 1.0283506647299505
19.6 1.0 6 -1.7356314839969946e-17 1.0000000000000004 6.938893903907225e-18 1.0 1.0693648244085943 1.0449167175056397
19.700000000000003 1.0 6 -1.7356314839969946e-17 1.0000000000000004 -4.625929269271484e-18 0.9999999999999999 1.0724094911225213 1.0456597531071379
19.8 1.0 6 -1.7356314839969894e-17 1.0000000000000004 -4.625929269271484e-17 0.9999999999999999 1.0730727376264741 1.0422877021196435
19.900000000000002 1.0 6 -1.735631483996996e-17 1.0000000000000004 -4.625929269271484e-17 1.0 1.080652109095112 1.050627070418649
20.0 1.0 6 -1.7356314839969918e-17 1.0000000000000004 -9.020562075079393e-17 1.0000000000000002 1.0834424073453723 1.0543100522445266
