0.0 1.0 4 -1.6123748108494401e-16 1.0000000000000004 3.335800104948578e-33 1.0 1.1102230246253767e-16 2.2204460492503136e-16
0.1 1.0 4 -1.6123748108494401e-16 1.0000000000000004 8.984891321746784e-19 1.0000000000000004 0.09668274508926106 0.03977459403315287
0.2 1.0 4 -1.6123748108494396e-16 1.0000000000000009 -6.161161364161789e-18 1.0 0.2644001861452346 0.1551127260054274
0.30000000000000004 1.0 4 -1.6123748108494396e-16 1.0000000000000004 1.237346444573395e-18 1.0000000000000002 0.4234533445553991 0.32413608116147186
0.4 1.0 4 -1.6123748108494401e-16 1.0000000000000004 1.1277289780850728e-17 1.0000000000000002 0.5399023818714507 0.4863702884083186
0.5 1.0 4 -1.6123748108494396e-16 1.0000000000000004 1.1172013175393104e-17 1.0000000000000002 0.6200226095247431 0.5781287468891613
0.6000000000000001 1.0 4 -1.6123748108494394e-16 1.0000000000000004 6.534491134422436e-18 1.0 0.6975765362363622 0.6299409484755342
0.7000000000000001 1.0 4 -1.6123748108494396e-16 1.0000000000000004 4.180676663173878e-18 1.0000000000000002 0.7924407866563586 0.7097560499626412
0.8 1.0 4 -1.6123748108494394e-16 1.0000000000000004 -2.2581437300567586e-17 1.0000000000000002 0.8891279404355784 0.8204486997931943
0.9 1.0 4 -1.6123748108494396e-16 1.0000000000000004 -7.5851032822871e-18 1.0000000000000002 0.9661003639698198 0.9187009300417138
1.0 1.0 4 -1.6123748108494394e-16 1.0000000000000004 1.434216821135863e-17 1.0000000000000002 1.011031548165275 0.9732561967636966
1.1 1.0 4 -1.6123748108494394e-16 1.0000000000000004 2.4395511651936434e-17 1.0 1.0149167825114642 0.9712107349008539
1.2000000000000002 1.0 4 -1.612374810849439e-16 1.0000000000000004 3.163155700993472e-17 1.0 0.9862370170899384 0.9369007992891414
1.3 1.0 4 -1.612374810849439e-16 1.0000000000000004 6.739660625167469e-18 1.0000000000000002 0.9642639054324391 0.925360406171313
1.4000000000000001 1.0 4 -1.612374810849439e-16 1.0000000000000004 2.2094073122068687e-17 1.0000000000000002 0.9916806721887901 0.9522162750860539
1.5 1.0 4 -1.612374810849439e-16 1.0000000000000004 3.7504776646955105e-17 1.0000000000000002 1.0160243213169118 0.9803628539641702
1.6 1.0 4 -1.6123748108494386e-16 1.0000000000000009 -2.236194853525851e-17 0.9999999999999998 1.0059454300157546 0.9802333567444713
1.7000000000000002 1.0 4 -1.612374810849439e-16 1.0000000000000004 -2.299157200350518e-17 1.0 0.9959427265630821 0.9795701499486755
1.8 1.0 4 -1.6123748108494394e-16 1.0000000000000004 -3.653506156000104e-17 1.0 1.0259622178396188 0.9992556075848076
1.9000000000000001 1.0 4 -1.6123748108494394e-16 1.0000000000000004 -7.721143433123127e-17 1.0 1.0317599734222673 0.9935176028923883
2.0 1.0 4 -1.6123748108494391e-16 1.0000000000000004 -8.780026218945139e-17 1.0 0.9917928316676006 0.9237150486674276
2.1 1.0 4 -1.6123748108494396e-16 1.0 -8.464156831886752e-17 1.0000000000000002 0.9210761260034314 0.822039444594603
2.2 1.0 4 -1.61237481084944e-16 1.0 -6.305574013558004e-17 1.0 0.8496710788111497 0.7291156131503667
2.3000000000000003 1.0 4 -1.6123748108494396e-16 1.0 -6.73848961517778e-17 1.0 0.805759737655731 0.6758577421256178
2.4000000000000004 1.0 4 -1.6123748108494396e-16 1.0 -1.8416412873724596e-17 1.0 0.791295946009435 0.6741696078890524
2.5 1.0 4 -1.6123748108494394e-16 1.0 2.124527619709217e-17 1.0000000000000002 0.7747758075161923 0.6718771278694328
2.6 1.0 4 -1.612374810849439e-16 1.0 1.2149346109590985e-19 1.0 0.7157194094633833 0.573971026920787
2.7 1.0 4 -1.612374810849439e-16 1.0 1.6473508108151998e-17 1.0000000000000004 0.5949562706673949 0.39477415025189255
2.8000000000000003 1.0 4 -1.6123748108494377e-16 1.0000000000000009 1.5498184804477582e-17 1.0 0.4289225951670356 0.2302709607293774
2.9000000000000004 1.0 4 -1.6123748108494384e-16 1.0000000000000004 -5.776465029259092e-18 1.0 0.26802820907476144 0.13141928247272508
3.0 1.0 4 -1.6123748108494386e-16 1.0000000000000004 -2.6740317517135802e-17 1.0000000000000004 0.21349008721524776 0.10991325815470482
3.1 1.0 4 -1.6123748108494384e-16 1.0000000000000004 -1.7624886340825804e-17 1.0000000000000002 0.33318734052560306 0.16546521757627938
3.2 1.0 4 -1.6123748108494374e-16 1.0000000000000009 -2.702319597066414e-17 1.0 0.49190013213195166 0.28953650348846177
3.3000000000000003 1.0 4 -1.6123748108494372e-16 1.0000000000000009 -4.042706641072068e-17 1.0 0.6227269953907504 0.45006825635217357
3.4000000000000004 1.0 4 -1.6123748108494372e-16 1.0000000000000009 -3.5974676145853534e-17 1.0 0.7043602858638127 0.5845933233674787
3.5 1.0 4 -1.6123748108494372e-16 1.0000000000000009 -2.4279424169142228e-17 1.0 0.7680656089141504 0.6657925746773189
3.6 1.0 4 -1.6123748108494374e-16 1.0000000000000004 8.443235315491001e-18 1.0000000000000002 0.8422770937225729 0.7410405364431099
3.7 1.0 4 -1.6123748108494372e-16 1.0000000000000004 3.2824521950586786e-17 1.0 0.9109876047134225 0.8310893603865237
3.8000000000000003 1.0 4 -1.6123748108494374e-16 1.0000000000000004 6.037431283925239e-17 1.0000000000000002 0.9482028045161351 0.8915800561615129
3.9000000000000004 1.0 4 -1.612374810849437e-16 1.0000000000000004 7.031498780943484e-17 1.0 0.9506736568128612 0.8972002130708339
4.0 1.0 4 -1.6123748108494374e-16 1.0000000000000004 7.969102078015423e-17 1.0 0.9252771099861437 0.8687135238339165
4.1000000000000005 1.0 4 -1.6123748108494374e-16 1.0000000000000004 6.805600722622481e-17 1.0 0.884027453046824 0.8321233889121494
4.2 1.0 4 -1.6123748108494377e-16 1.0 5.923119317345969e-17 1.0 0.8716859427082958 0.8224427173973307
4.3 1.0 4 -1.6123748108494377e-16 1.0 3.434560927427386e-17 1.0 0.9207211343022026 0.8654544851288666
4.4 1.0 4 -1.6123748108494377e-16 1.0 -1.4405674554586378e-17 1.0000000000000004 0.9845358035940635 0.94183971948776
4.5 1.0 4 -1.612374810849437e-16 1.0000000000000004 1.7480694766577e-17 1.0 1.0110662666161578 0.9858664973107457
4.6000000000000005 1.0 4 -1.6123748108494364e-16 1.0000000000000004 -1.1732518819146325e-18 1.0 0.9932427437075703 0.9779650553237565
4.7 1.0 4 -1.6123748108494372e-16 1.0 -3.287887145316437e-17 1.0000000000000004 0.9932954218717638 0.9785667139698204
4.800000000000001 1.0 4 -1.6123748108494367e-16 1.0000000000000004 -3.860139634066254e-17 1.0 1.0225537631656823 0.9999137561855667
4.9 1.0 4 -1.6123748108494364e-16 1.0000000000000004 -7.156855903509604e-17 1.0000000000000002 1.0173823826143886 0.9833393381884261
5.0 1.0 4 -1.6123748108494372e-16 1.0 -7.321467124107874e-17 1.0000000000000002 0.9670036031739506 0.9148999238622402
5.1000000000000005 1.0 4 -1.6123748108494372e-16 1.0 -6.259629405745846e-17 1.0000000000000002 0.9042865317293752 0.8446792440109214
5.2 1.0 4 -1.612374810849437e-16 0.9999999999999998 -7.684433095361993e-17 1.0 0.8903716674977641 0.813917187839265
5.300000000000001 1.0 4 -1.6123748108494367e-16 1.0 -7.572293566148982e-17 0.9999999999999999 0.9402805308432347 0.8429041193242227
5.4 1.0 4 -1.6123748108494367e-16 1.0 -8.25140034124876e-17 1.0 0.998280742510355 0.9146618951891299
5.5 1.0 4 -1.6123748108494367e-16 1.0 -7.800519302439664e-17 1.0 1.0102980123921452 0.9356209673936721
5.6000000000000005 1.0 4 -1.612374810849437e-16 1.0 -4.20369513647799e-20 1.0000000000000002 0.9479159876812054 0.8177340567198111
5.7 1.0 4 -1.6123748108494364e-16 1.0 1.330882571455699e-17 1.0 0.8149245681150045 0.6332377395223273
5.800000000000001 1.0 4 -1.6123748108494367e-16 0.9999999999999998 1.2913267230776124e-17 1.0 0.6454521451069859 0.48102567099376176
5.9 1.0 4 -1.6123748108494367e-16 1.0 2.800676530878856e-17 1.0000000000000002 0.49986645211471625 0.3957256873089789
6.0 1.0 4 -1.6123748108494362e-16 1.0 2.2897297139304154e-17 1.0000000000000002 0.48561512784549693 0.3834319841020868
6.1000000000000005 1.0 4 -1.6123748108494364e-16 1.0 1.6838769905552413e-17 1.0000000000000002 0.6058111683112145 0.44421436279756743
6.2 1.0 4 -1.6123748108494367e-16 1.0 -5.298327083940129e-17 1.0000000000000002 0.7426903355597079 0.5671820351730901
6.300000000000001 1.0 4 -1.6123748108494364e-16 1.0 -5.788151956012434e-17 1.0000000000000002 0.8425690980271707 0.7092040125376157
6.4 1.0 4 -1.612374810849436e-16 1.0000000000000004 -8.130866081305628e-17 1.0 0.9020488752718809 0.8100367895115774
6.5 1.0 4 -1.6123748108494362e-16 1.0 -1.248336093379079e-16 1.0 0.9558931485319362 0.8739102475759668
6.6000000000000005 1.0 4 -1.6123748108494362e-16 1.0 -1.0205170902249585e-16 1.0 1.0070136623708275 0.9385762006604386
6.7 1.0 4 -1.6123748108494362e-16 1.0 -9.174822376806771e-17 1.0 1.0325117416583798 0.9806041429610032
6.800000000000001 1.0 4 -1.6123748108494354e-16 1.0 -8.054054033215616e-17 1.0 1.022872965112936 0.9677451346684827
6.9 1.0 4 -1.6123748108494354e-16 1.0 -5.238445866908268e-17 1.0 0.9876360370182229 0.9206151165898516
7.0 1.0 4 -1.6123748108494354e-16 0.9999999999999998 -3.615915382065609e-17 1.0 0.9362394936719842 0.8673920211530868
7.1000000000000005 1.0 4 -1.6123748108494354e-16 0.9999999999999998 -3.858630591192281e-17 1.0000000000000002 0.8922515123591042 0.8352150142869784
7.2 1.0 4 -1.612374810849436e-16 0.9999999999999998 -7.439193127948198e-18 1.0000000000000002 0.9106362017529389 0.8542756303335941
7.300000000000001 1.0 4 -1.612374810849435e-16 1.0 -1.2024546396467623e-18 0.9999999999999998 0.9822749944373316 0.9291669002652149
7.4 1.0 4 -1.612374810849435e-16 1.0 2.2357375684523375e-17 1.0 1.0355470311534611 1.002271671555474
7.5 1.0 4 -1.612374810849435e-16 0.9999999999999998 7.263308624855427e-17 1.0 1.036883041171969 1.0003169641585232
7.6000000000000005 1.0 4 -1.6123748108494347e-16 1.0 1.1908742358234e-16 1.0000000000000002 1.0096052434594325 0.9730246359160475
7.7 1.0 4 -1.6123748108494345e-16 1.0000000000000004 1.263338767989857e-16 1.0 1.0276979856469732 0.9982136937055657
7.800000000000001 1.0 4 -1.6123748108494345e-16 1.0000000000000004 9.610936256468573e-17 1.0 1.0629653763038611 1.0458203233250798
7.9 1.0 4 -1.6123748108494345e-16 1.0000000000000004 8.276557927037684e-17 1.0 1.0533643398351538 1.0288936896014564
8.0 1.0 4 -1.6123748108494347e-16 1.0000000000000004 6.241522697654615e-17 1.0000000000000002 0.9918453567231952 0.9545586772474841
8.1 1.0 4 -1.6123748108494347e-16 1.0000000000000004 2.718612764284057e-19 1.0000000000000002 0.9158932986580569 0.8996422852491162
8.200000000000001 1.0 4 -1.6123748108494345e-16 1.0000000000000004 2.3135375975093523e-17 1.0 0.9303030119558113 0.9082209753024637
8.3 1.0 4 -1.6123748108494342e-16 1.0000000000000004 -3.658740792154062e-17 1.0 1.020336505109316 0.9838214436260022
8.4 1.0 4 -1.6123748108494345e-16 1.0000000000000004 -5.802072880086047e-17 1.0 1.0875072820765717 1.077794319430328
8.5 1.0 4 -1.6123748108494345e-16 1.0000000000000004 -8.404407155948971e-17 1.0 1.086798215183152 1.074657481925125
8.6 1.0 4 -1.612374810849434e-16 1.0000000000000004 -9.477206395300793e-17 1.0 1.008110399697761 0.9330500228395907
8.700000000000001 1.0 4 -1.6123748108494347e-16 1.0 -2.8333611580213107e-17 1.0000000000000002 0.8728851671306613 0.7609106562829113
8.8 1.0 4 -1.6123748108494342e-16 1.0000000000000004 -3.918174993223727e-17 1.0 0.72654119080239 0.6382191402813836
8.9 1.0 4 -1.612374810849434e-16 1.0000000000000004 3.4859763311930656e-17 1.0000000000000002 0.6273996976514954 0.5812224571682938
9.0 1.0 4 -1.6123748108494335e-16 1.0000000000000009 2.7174412456630782e-17 1.0 0.6504597550707859 0.586837587114759
9.1 1.0 4 -1.6123748108494337e-16 1.0000000000000009 6.134306600187614e-17 0.9999999999999998 0.7585777209285994 0.6536352265364106
9.200000000000001 1.0 4 -1.6123748108494342e-16 1.0000000000000009 5.20411232109764e-17 1.0000000000000002 0.8735238589618972 0.769298323178123
9.3 1.0 4 -1.6123748108494337e-16 1.0000000000000009 1.0073833942816755e-16 1.0 0.9585929965331833 0.8881383733804984
9.4 1.0 4 -1.6123748108494337e-16 1.0000000000000009 1.1936153171521302e-16 1.0 1.0139863114591439 0.9680787729778704
9.5 1.0 4 -1.6123748108494332e-16 1.0000000000000009 9.18464153875276e-17 1.0 1.0548510449051693 1.0237094146045276
9.600000000000001 1.0 4 -1.6123748108494332e-16 1.0000000000000009 4.5729243137023836e-17 1.0 1.0808864639105515 1.0648541130434988
9.700000000000001 1.0 4 -1.612374810849434e-16 1.0000000000000004 3.746755275358746e-17 1.0000000000000002 1.0857944700238846 1.072551123192406
9.8 1.0 4 -1.6123748108494332e-16 1.0000000000000009 -2.7843696420811905e-18 1.0 1.072963946573406 1.0473018534697685
9.9 1.0 4 -1.612374810849434e-16 1.0000000000000009 -5.288715399089745e-17 1.0 1.0453783839031117 0.999462547606511
10.0 1.0 4 -1.6123748108494342e-16 1.0000000000000004 -1.0602489796967694e-16 1.0000000000000004 1.0047721526092428 0.9423273137562
10.100000000000001 1.0 4 -1.6123748108494335e-16 1.0000000000000009 -1.363245734150336e-16 1.0 0.9656215628015666 0.9032306809045775
10.200000000000001 1.0 4 -1.6123748108494342e-16 1.0000000000000004 -1.4335238149473428e-16 1.0000000000000002 0.9516379988850628 0.9041018138772642
10.3 1.0 4 -1.6123748108494332e-16 1.0000000000000009 -1.66635379993961e-16 0.9999999999999998 0.9670874294680173 0.9243726199895473
10.4 1.0 4 -1.6123748108494332e-16 1.0000000000000009 -1.3269387791601562e-16 1.0 0.9686430639179521 0.9049054581860836
10.5 1.0 4 -1.6123748108494337e-16 1.0000000000000009 -1.0200376540836519e-16 1.0 0.9445446851284689 0.8541505044652508
10.600000000000001 1.0 4 -1.6123748108494335e-16 1.0000000000000009 -3.8003676488555555e-17 1.0 0.9263683725309227 0.8486150431116394
10.700000000000001 1.0 4 -1.612374810849434e-16 1.0000000000000009 -1.0843019515032187e-17 1.0 0.9518108785914763 0.905746704866057
10.8 1.0 4 -1.6123748108494342e-16 1.0000000000000009 4.1250753470653117e-17 1.0000000000000002 0.9780335171039705 0.9460941241863798
10.9 1.0 4 -1.612374810849433e-16 1.0000000000000013 1.3849358962196748e-16 1.0 0.9488042401022864 0.8928471013106063
11.0 1.0 4 -1.6123748108494335e-16 1.0000000000000009 1.7402341658084197e-16 1.0000000000000002 0.867958487725111 0.7999187107954268
11.100000000000001 1.0 4 -1.6123748108494335e-16 1.0000000000000009 1.973078074211629e-16 1.0000000000000002 0.7885533676336733 0.7505114609979139
11.200000000000001 1.0 4 -1.6123748108494327e-16 1.0000000000000013 1.058577831665546e-16 1.0 0.8367657860983995 0.7760052023496247
11.3 1.0 4 -1.612374810849433e-16 1.0000000000000013 1.0964875082367506e-16 1.0000000000000002 0.9306731822269979 0.8647819432497494
11.4 1.0 4 -1.6123748108494322e-16 1.0000000000000018 1.3112109880871065e-16 1.0 0.9857479115599685 0.9482571220038232
11.5 1.0 4 -1.6123748108494325e-16 1.0000000000000013 1.1818736574593744e-16 1.0 0.9753567102577505 0.9206267115307936
11.600000000000001 1.0 4 -1.6123748108494325e-16 1.0000000000000013 1.0006477056965745e-16 1.0000000000000002 0.9104961703215887 0.7989475470913231
11.700000000000001 1.0 4 -1.6123748108494325e-16 1.0000000000000013 9.126787056315296e-17 1.0000000000000002 0.8289552273028314 0.6949772226596608
11.8 1.0 4 -1.6123748108494325e-16 1.0000000000000013 3.689152719870164e-17 1.0000000000000002 0.769536291854319 0.6574699477621982
11.9 1.0 4 -1.6123748108494325e-16 1.0000000000000013 4.5605209721526e-17 1.0000000000000002 0.755545511166026 0.674326809336875
12.0 1.0 4 -1.6123748108494327e-16 1.0000000000000013 1.3217025737115602e-17 1.0000000000000004 0.808646804525381 0.7238881297135484
12.100000000000001 1.0 4 -1.6123748108494327e-16 1.0000000000000013 -4.3114753147509974e-17 1.0000000000000004 0.9015898029200107 0.8049105705471982
12.200000000000001 1.0 4 -1.6123748108494325e-16 1.0000000000000013 -4.096059388380226e-17 1.0000000000000002 0.9888979702844545 0.9111516912252298
12.3 1.0 4 -1.6123748108494313e-16 1.0000000000000018 -4.732905155142381e-18 1.0 1.0478735466179179 1.005809449154331
12.4 1.0 4 -1.6123748108494315e-16 1.0000000000000018 -3.1991537350391756e-17 0.9999999999999998 1.0792024083136036 1.0619648158090729
12.5 1.0 4 -1.6123748108494317e-16 1.0000000000000018 -1.7916123916273228e-17 1.0 1.0928523664080108 1.0873171713008183
12.600000000000001 1.0 4 -1.6123748108494317e-16 1.0000000000000018 6.326887920145556e-18 1.0 1.096743615490988 1.0948400362615236
12.700000000000001 1.0 4 -1.6123748108494327e-16 1.0000000000000013 2.9405095618288915e-17 1.0000000000000002 1.0958631479805698 1.0929428573422948
12.8 1.0 4 -1.612374810849433e-16 1.0000000000000013 7.49522621902372e-17 1.0 1.0880133152786307 1.0772507169883616
12.9 1.0 4 -1.6123748108494325e-16 1.0000000000000018 7.68380261828018e-17 0.9999999999999998 1.06486400391524 1.0341676375512812
13.0 1.0 4 -1.6123748108494327e-16 1.0000000000000018 6.910278465877459e-17 1.0 1.0187817200853289 0.9596996528434305
13.100000000000001 1.0 4 -1.6123748108494325e-16 1.0000000000000013 8.100723537787584e-17 1.0000000000000004 0.9512283876473571 0.8758074895981445
13.200000000000001 1.0 4 -1.6123748108494322e-16 1.0000000000000018 5.1457234697588287e-17 0.9999999999999998 0.8800953714441131 0.8098803055494996
13.3 1.0 4 -1.6123748108494325e-16 1.0000000000000018 2.0031350577934062e-17 1.0 0.8358689902748782 0.7582449760564358
13.4 1.0 4 -1.6123748108494322e-16 1.0000000000000018 4.7530236604533245e-17 1.0 0.823920701421292 0.7146016494308661
13.5 1.0 4 -1.6123748108494322e-16 1.0000000000000018 6.768679091352379e-18 1.0 0.8365880480423569 0.7100172309749762
13.600000000000001 1.0 4 -1.6123748108494325e-16 1.0000000000000013 -4.0344126328742896e-17 1.0000000000000002 0.8747195649398557 0.7739054605103327
13.700000000000001 1.0 4 -1.6123748108494327e-16 1.0000000000000013 -1.5455906634803065e-16 1.0000000000000002 0.9164837868283126 0.873598683154128
13.8 1.0 4 -1.6123748108494327e-16 1.0000000000000013 -1.8476259360571285e-16 1.0000000000000002 0.9216101760083849 0.9044660503019315
13.9 1.0 4 -1.612374810849432e-16 1.0000000000000018 -2.407483356857239e-16 0.9999999999999998 0.8688956455514371 0.8272936965761422
14.0 1.0 4 -1.6123748108494327e-16 1.0000000000000013 -2.741160917444516e-16 1.0000000000000002 0.7759926750512427 0.7345800021809751
14.100000000000001 1.0 4 -1.6123748108494325e-16 1.0000000000000013 -2.1000270099499252e-16 1.0 0.7137090883531305 0.700930503181432
14.200000000000001 1.0 4 -1.6123748108494317e-16 1.0000000000000018 -2.247811568710636e-16 0.9999999999999998 0.7883981672855482 0.744037014594621
14.3 1.0 4 -1.6123748108494317e-16 1.0000000000000018 -1.9326282776823447e-16 1.0 0.8773936672366178 0.8389491981026365
14.4 1.0 4 -1.6123748108494313e-16 1.0000000000000018 -1.47117552167911e-16 1.0 0.9203703513368269 0.9056711510324578
14.5 1.0 4 -1.6123748108494317e-16 1.0000000000000018 -8.620584029588919e-17 1.0000000000000002 0.9082390303019371 0.8709259946062633
14.600000000000001 1.0 4 -1.6123748108494317e-16 1.0000000000000018 -2.10728606805591e-17 1.0 0.8839116452463843 0.7957489945202769
14.700000000000001 1.0 4 -1.6123748108494313e-16 1.0000000000000018 2.6554099470727272e-17 1.0 0.8840606386345713 0.7732698102064852
14.8 1.0 4 -1.6123748108494313e-16 1.0000000000000018 1.2179855609155572e-16 1.0 0.9022993340983724 0.8130766808904178
14.9 1.0 4 -1.6123748108494317e-16 1.0000000000000018 1.5119098981577938e-16 1.0 0.9166832836675222 0.8600973816663362
15.0 1.0 4 -1.6123748108494317e-16 1.0000000000000018 1.6367308634888578e-16 1.0 0.9333639984203277 0.8828655320334965
15.100000000000001 1.0 4 -1.6123748108494317e-16 1.0000000000000018 1.1919648925094392e-16 0.9999999999999998 0.9736560979886479 0.9125612120488155
15.200000000000001 1.0 4 -1.6123748108494315e-16 1.0000000000000018 1.2890309275569333e-16 1.0 1.0223111841159995 0.9674280726104049
15.3 1.0 4 -1.6123748108494322e-16 1.0000000000000013 1.1161152674319088e-16 1.0000000000000004 1.0616362786451028 1.0274590858677728
15.4 1.0 4 -1.6123748108494317e-16 1.0000000000000013 7.771959790589339e-17 1.0000000000000002 1.084327920578516 1.0692582553086556
15.5 1.0 4 -1.6123748108494315e-16 1.0000000000000018 4.0261295274267074e-17 1.0 1.0935277722310397 1.0879904306666126
15.600000000000001 1.0 4 -1.6123748108494313e-16 1.0000000000000018 1.1153784503055638e-17 1.0 1.092632944985552 1.0868105465291418
15.700000000000001 1.0 4 -1.6123748108494317e-16 1.0000000000000018 -1.6420332054222002e-17 1.0 1.0790653293222947 1.0627148858578532
15.8 1.0 4 -1.6123748108494317e-16 1.0000000000000018 -4.548455891384689e-17 1.0 1.0512307072739662 1.0178864777100818
15.9 1.0 4 -1.6123748108494317e-16 1.0000000000000018 -5.774911286490932e-17 1.0 1.0057276227074252 0.9452824971349657
16.0 1.0 4 -1.6123748108494315e-16 1.0000000000000018 -2.863890765230218e-17 1.0 0.9305715502573679 0.8343031473490029
16.1 1.0 4 -1.6123748108494325e-16 1.0000000000000013 -1.3729818147152885e-18 1.0000000000000002 0.8253549282276385 0.7193587641509577
16.2 1.0 4 -1.6123748108494317e-16 1.0000000000000018 -7.776330463406614e-18 1.0 0.7204947098176809 0.6429063148175476
16.3 1.0 4 -1.6123748108494317e-16 1.0000000000000018 8.999785919733938e-17 1.0 0.6784863690616132 0.6155183353393024
16.400000000000002 1.0 4 -1.6123748108494317e-16 1.0000000000000018 1.1361099608903217e-16 0.9999999999999998 0.7391053391010219 0.6395798392350336
16.5 1.0 4 -1.6123748108494317e-16 1.0000000000000018 1.914014977582114e-16 1.0 0.8519855117001071 0.7263976987793083
16.6 1.0 4 -1.6123748108494317e-16 1.0000000000000018 1.8598556768920316e-16 1.0 0.9709464872437193 0.8722389130003807
16.7 1.0 4 -1.6123748108494325e-16 1.0000000000000013 2.8461713039064343e-16 1.0000000000000004 1.0492859747614594 1.0107653381406265
16.8 1.0 4 -1.6123748108494325e-16 1.0000000000000013 3.234558903896427e-16 1.0000000000000002 1.0571512176905158 1.0280391764584615
16.900000000000002 1.0 4 -1.6123748108494315e-16 1.0000000000000018 3.177765707982545e-16 1.0 0.9954590526157178 0.9379437110455418
17.0 1.0 4 -1.612374810849432e-16 1.0000000000000013 3.605333599755044e-16 1.0000000000000002 0.9013088529488029 0.8551013298667849
17.1 1.0 4 -1.6123748108494317e-16 1.0000000000000018 3.206847373333609e-16 0.9999999999999998 0.8718620939801542 0.8385488004286833
17.2 1.0 4 -1.6123748108494315e-16 1.0000000000000018 2.4428060513027805e-16 1.0 0.9514855189646922 0.8923880518247712
17.3 1.0 4 -1.6123748108494317e-16 1.0000000000000018 1.8510697688766865e-16 1.0 1.0214980896782322 0.9773933392776908
17.400000000000002 1.0 4 -1.6123748108494313e-16 1.0000000000000018 1.3369543131309333e-16 1.0 1.0378245762094953 1.009835346433026
17.5 1.0 4 -1.6123748108494315e-16 1.0000000000000018 6.541899355932498e-17 1.0000000000000002 1.0035990187960049 0.9617131867603858
17.6 1.0 4 -1.6123748108494313e-16 1.0000000000000018 1.6684395180328856e-17 1.0000000000000002 0.9794200983606408 0.9217931061656284
17.7 1.0 4 -1.6123748108494305e-16 1.0000000000000022 -2.7715069202571434e-17 1.0 1.0061036163599297 0.9463057279907751
17.8 1.0 4 -1.6123748108494303e-16 1.0000000000000022 -6.864095311591596e-17 1.0 1.020436804556939 0.9811939926901193
17.900000000000002 1.0 4 -1.6123748108494308e-16 1.0000000000000018 -1.4441657611173234e-16 1.0000000000000002 0.991294535174508 0.9480944255913821
18.0 1.0 4 -1.6123748108494308e-16 1.0000000000000018 -1.9254922442102134e-16 1.0000000000000002 0.9419274032405093 0.8874247413798982
18.1 1.0 4 -1.612374810849431e-16 1.0000000000000018 -2.4702728766197044e-16 1.0000000000000002 0.9339803356467145 0.869209730224458
18.2 1.0 4 -1.61237481084943e-16 1.0000000000000022 -2.5070696484639265e-16 1.0 0.9715662098285416 0.9018220489400147
18.3 1.0 4 -1.6123748108494298e-16 1.0000000000000022 -2.506693485076028e-16 1.0 1.0177208379354674 0.9580053998265107
18.400000000000002 1.0 4 -1.612374810849431e-16 1.0000000000000018 -2.0902397720402606e-16 1.0000000000000002 1.0512874876115434 1.0096468695994907
18.5 1.0 4 -1.6123748108494308e-16 1.0000000000000018 -1.6390397651384605e-16 1.0 1.0656587793036822 1.035414169873434
18.6 1.0 4 -1.6123748108494303e-16 1.0000000000000018 -1.2388763123937506e-16 1.0 1.052232689363184 1.0136723942733703
18.7 1.0 4 -1.6123748108494308e-16 1.0000000000000018 -1.0586626491182416e-16 1.0 1.0123612430823354 0.9586497797679084
18.8 1.0 4 -1.6123748108494303e-16 1.0000000000000018 -8.520160782437274e-17 1.0 0.9623443546202263 0.8992266617289414
18.900000000000002 1.0 4 -1.6123748108494305e-16 1.0000000000000018 -7.726466864378294e-17 1.0 0.9025928968736312 0.811273504093411
19.0 1.0 4 -1.6123748108494303e-16 1.0000000000000018 -1.0891838034167994e-16 1.0000000000000002 0.8118743412087697 0.6814619676176539
19.1 1.0 4 -1.6123748108494303e-16 1.0000000000000018 -1.8083566913895663e-16 1.0 0.6868432638607599 0.5629853048702909
19.200000000000003 1.0 4 -1.6123748108494298e-16 1.0000000000000018 -2.281952350671749e-16 1.0 0.5731144364922734 0.5022097212037067
19.3 1.0 4 -1.6123748108494303e-16 1.0000000000000018 -2.776801662814456e-16 1.0000000000000002 0.5714776334652558 0.5111802869959741
19.400000000000002 1.0 4 -1.6123748108494303e-16 1.0000000000000018 -2.491261983683491e-16 1.0 0.7012839638586355 0.5899330199588643
19.5 1.0 4 -1.6123748108494298e-16 1.0000000000000022 -3.295648889164486e-16 1.0 0.8661427568232359 0.7349277687808228
19.6 1.0 4 -1.6123748108494298e-16 1.0000000000000022 -3.68260552191652e-16 1.0 1.0037839942704672 0.9186734880144211
19.700000000000003 1.0 4 -1.61237481084943e-16 1.0000000000000022 -4.0381949134489786e-16 1.0 1.0743305104728667 1.049351910767197
19.8 1.0 4 -1.61237481084943e-16 1.0000000000000022 -3.696402048105433e-16 0.9999999999999998 1.0655739502043928 1.0348027009422576
19.900000000000002 1.0 4 -1.6123748108494295e-16 1.0000000000000022 -3.583450786908597e-16 0.9999999999999998 0.9973332662250572 0.945031034355966
20.0 1.0 4 -1.61237481084943e-16 1.0000000000000018 -2.9882671597179826e-16 1.0000000000000002 0.9217685450841699 0.8877617526790188
