0.0 1.0 12 0.0 1.0 5.46751145915218e-28 -0.0
0.1 1.0 12 0.0 0.9999999999999987 0.02815319833549107 0.009998581209687968
0.2 1.0 12 0.0 0.9999999999999991 0.08571388173672316 0.03990992514144313
0.30000000000000004 1.0 12 0.0 0.9999999999999998 0.15773411310857155 0.08899071312760115
0.4 1.0 12 0.0 0.9999999999999996 0.23496111410180745 0.15449957029355532
0.5 1.0 12 0.0 0.9999999999999993 0.3094818851060721 0.23012647500545122
0.6000000000000001 1.0 12 0.0 1.0000000000000009 0.37560254517895775 0.30584745499365124
0.7000000000000001 1.0 12 0.0 1.0000000000000004 0.43161540918872876 0.3715179163152828
0.8 1.0 12 0.0 1.0000000000000009 0.48006592246204477 0.42343538872801595
0.9 1.0 12 0.0 1.0 0.5253268937388721 0.4671191551126071
1.0 1.0 12 0.0 1.0 0.5698619779241721 0.5118244971946392
1.1 1.0 12 0.0 0.9999999999999996 0.6122925047256532 0.5622593882501064
1.2000000000000002 1.0 12 0.0 1.0000000000000004 0.6485961435990973 0.6145807756068197
1.3 1.0 12 0.0 0.9999999999999998 0.674656441410112 0.6584249503872828
1.4000000000000001 1.0 12 0.0 0.9999999999999998 0.6879366426844866 0.682985755774454
1.5 1.0 12 0.0 0.9999999999999998 0.6877781063503754 0.6825068131315809
1.6 1.0 12 0.0 0.9999999999999998 0.6750324415129226 0.6577843297005036
1.7000000000000002 1.0 12 0.0 0.9999999999999996 0.6517041832596462 0.615374145069955
1.8 1.0 12 0.0 1.0000000000000004 0.6207699242357165 0.5658769373708706
1.9000000000000001 1.0 12 0.0 1.0000000000000004 0.5858418372184181 0.5198949773371885
2.0 1.0 12 0.0 1.0000000000000004 0.5501108184957477 0.4827764099938003
2.1 1.0 12 0.0 1.0 0.514659700055971 0.4515395816355084
2.2 1.0 12 0.0 0.9999999999999998 0.4775759663652088 0.41641643875619777
2.3000000000000003 1.0 12 0.0 1.0 0.43523272521272593 0.3676239060459081
2.4000000000000004 1.0 12 0.0 0.9999999999999998 0.3849010082471582 0.3032575209154397
2.5 1.0 12 0.0 1.0000000000000004 0.32639782282169383 0.23060869362213343
2.6 1.0 12 0.0 1.0000000000000004 0.2618214223162875 0.16037428727217404
2.7 1.0 12 0.0 1.0 0.19477247884608673 0.10110550407241457
2.8000000000000003 1.0 12 0.0 0.9999999999999998 0.13089048445034676 0.05779007534908776
2.9000000000000004 1.0 12 0.0 1.0000000000000018 0.08025333455248974 0.032984083603175764
3.0 1.0 12 0.0 1.0 0.0665996528191929 0.02822969106169886
3.1 1.0 12 0.0 1.0000000000000004 0.10613460529171304 0.04472404929615575
3.2 1.0 12 0.0 1.0000000000000009 0.17038689486470715 0.0830087962773702
3.3000000000000003 1.0 12 0.0 0.9999999999999989 0.24523791450229662 0.14175374723850878
3.4000000000000004 1.0 12 0.0 1.0000000000000004 0.3198135836293064 0.21600294753350488
3.5 1.0 12 0.0 1.0 0.38492073223249296 0.2960907619570729
3.6 1.0 12 0.0 0.9999999999999998 0.43622905126278866 0.36971657695095533
3.7 1.0 12 0.0 1.0000000000000004 0.4788882242088787 0.4284808680704726
3.8000000000000003 1.0 12 0.0 1.0 0.5180192348729622 0.4736498505624526
3.9000000000000004 1.0 12 0.0 1.0000000000000004 0.5569825452833844 0.5133399268868406
4.0 1.0 12 0.0 0.9999999999999996 0.59488248086411 0.5535874977140312
4.1000000000000005 1.0 12 0.0 1.0 0.6274228088429089 0.5926470331566317
4.2 1.0 12 0.0 1.0 0.6500764926105417 0.6226454287177261
4.3 1.0 12 0.0 1.0 0.660502897747324 0.6361201516720163
4.4 1.0 12 0.0 0.9999999999999998 0.6591005393268117 0.631097264055482
4.5 1.0 12 0.0 1.0 0.6483229144712628 0.6106839272333733
4.6000000000000005 1.0 12 0.0 1.0000000000000004 0.6316631023121587 0.5805238889038828
4.7 1.0 12 0.0 1.0000000000000004 0.6127551442492725 0.5478337152002352
4.800000000000001 1.0 12 0.0 1.0000000000000004 0.5946499456058407 0.5203266492594654
4.9 1.0 12 0.0 0.9999999999999998 0.5790942432086914 0.503064800443888
5.0 1.0 12 0.0 1.0000000000000004 0.5657173732309051 0.4947535653137148
5.1000000000000005 1.0 12 0.0 1.0 0.5516951968418969 0.48639335108348863
5.2 1.0 12 0.0 1.0000000000000013 0.5326514839918507 0.4649518290242623
5.300000000000001 1.0 12 0.0 1.0000000000000004 0.5044198297046146 0.42193965676448647
5.4 1.0 12 0.0 1.0 0.46448284215780955 0.359847637061758
5.5 1.0 12 0.0 0.9999999999999996 0.412603104492824 0.2894350426410455
5.6000000000000005 1.0 12 0.0 1.0000000000000009 0.35108681131890546 0.22232859369524668
5.7 1.0 12 0.0 1.0 0.2852342887282285 0.1668713226394917
5.800000000000001 1.0 12 0.0 1.0000000000000004 0.22440492952795332 0.12813298195997197
5.9 1.0 12 0.0 0.9999999999999998 0.18505325101664552 0.10931384787750294
6.0 1.0 12 0.0 1.0000000000000009 0.19241336516989524 0.11271365053109066
6.1000000000000005 1.0 12 0.0 1.0000000000000004 0.24036847871970138 0.1397272291239858
6.2 1.0 12 0.0 1.0000000000000004 0.3054845509284763 0.18982776388329933
6.300000000000001 1.0 12 0.0 1.0 0.3731846534098678 0.25873973030446334
6.4 1.0 12 0.0 1.0 0.432575000679071 0.33674622619645284
6.5 1.0 12 0.0 1.0000000000000004 0.47667375978704435 0.4097256984270534
6.6000000000000005 1.0 12 0.0 0.9999999999999993 0.504894823834019 0.46564115847374943
6.7 1.0 12 0.0 1.0 0.5266975757052127 0.5025686547129384
6.800000000000001 1.0 12 0.0 1.0000000000000009 0.5497290812834462 0.5280183043754719
6.9 1.0 12 0.0 0.9999999999999998 0.5736114907628025 0.5494094621183293
7.0 1.0 12 0.0 1.0000000000000004 0.594589682880864 0.5670858121694576
7.1000000000000005 1.0 12 0.0 1.0 0.6080744868704558 0.5759822147671013
7.2 1.0 12 0.0 0.9999999999999998 0.6117627212158829 0.5724672777410572
7.300000000000001 1.0 12 0.0 1.0 0.6067251090773625 0.5585869333633612
7.4 1.0 12 0.0 1.0000000000000004 0.5967174496526017 0.5400251982419445
7.5 1.0 12 0.0 1.0000000000000004 0.5867082573647866 0.5222718972261953
7.6000000000000005 1.0 12 0.0 0.9999999999999996 0.5812192326689042 0.5096435437372889
7.7 1.0 12 0.0 1.0 0.5828260234888688 0.5060591680634094
7.800000000000001 1.0 12 0.0 1.0 0.5913430442422737 0.5144482247191465
7.9 1.0 12 0.0 1.0000000000000009 0.60389404083338 0.5340519108027043
8.0 1.0 12 0.0 0.9999999999999998 0.6155511913091175 0.5574559007791838
8.1 1.0 12 0.0 1.0000000000000004 0.620447768101866 0.5705707850189509
8.200000000000001 1.0 12 0.0 1.0000000000000009 0.6132445098403815 0.5588353508826346
8.3 1.0 12 0.0 1.0 0.5904423370348568 0.517333824235783
8.4 1.0 12 0.0 1.0000000000000009 0.5511792534708183 0.4542925662450172
8.5 1.0 12 0.0 1.0 0.49759113707780106 0.3841191907087182
8.6 1.0 12 0.0 0.9999999999999993 0.4350315386501558 0.3194551622370185
8.700000000000001 1.0 12 0.0 1.0 0.37249313191528993 0.2686444735972194
8.8 1.0 12 0.0 0.9999999999999993 0.3235817814061881 0.23671529816968595
8.9 1.0 12 0.0 0.9999999999999987 0.30570854584562984 0.22680039536739527
9.0 1.0 12 0.0 1.0 0.3260533498557429 0.2406720357306034
9.1 1.0 12 0.0 1.0 0.3724288778947175 0.27807911026449794
9.200000000000001 1.0 12 0.0 1.0000000000000004 0.42630944422750305 0.33500820864139774
9.3 1.0 12 0.0 0.9999999999999998 0.4751542855376522 0.40180010791267234
9.4 1.0 12 0.0 1.0000000000000004 0.5111148574053804 0.46384160601380553
9.5 1.0 12 0.0 1.0 0.5317618956893964 0.5080587084650964
9.600000000000001 1.0 12 0.0 1.0000000000000004 0.54081348977225 0.5316989517363017
9.700000000000001 1.0 12 0.0 1.0 0.5474494478452728 0.5422660508371696
9.8 1.0 12 0.0 1.0000000000000004 0.5554603392464489 0.5476365989143709
9.9 1.0 12 0.0 1.0 0.5622915451340801 0.5486391307622867
10.0 1.0 12 0.0 0.9999999999999987 0.5639041055455337 0.5409994053452611
10.100000000000001 1.0 12 0.0 1.0000000000000009 0.5580057325771164 0.5227318268582637
10.200000000000001 1.0 12 0.0 1.0000000000000009 0.5459225434544316 0.49832858158227133
10.3 1.0 12 0.0 1.0000000000000004 0.5323212714014244 0.47590576563245945
10.4 1.0 12 0.0 1.0 0.5236851582692619 0.4623204408463215
10.5 1.0 12 0.0 0.9999999999999998 0.5261061764993079 0.4614334746439413
10.600000000000001 1.0 12 0.0 1.0000000000000009 0.5425976227439302 0.47509622979222005
10.700000000000001 1.0 12 0.0 1.0 0.5713474533993588 0.5040125809967199
10.8 1.0 12 0.0 1.0000000000000004 0.6065984580317128 0.5467502725542851
10.9 1.0 12 0.0 0.9999999999999998 0.640889489784343 0.5971634351515002
11.0 1.0 12 0.0 1.0000000000000009 0.666825347547972 0.6422852395835636
11.100000000000001 1.0 12 0.0 0.9999999999999998 0.6783352674020637 0.6646042907558035
11.200000000000001 1.0 12 0.0 1.0000000000000004 0.6716443788037898 0.6514923828213589
11.3 1.0 12 0.0 0.9999999999999998 0.6458858467152278 0.6048879548372096
11.4 1.0 12 0.0 1.0 0.6033318832903866 0.5392827429385486
11.5 1.0 12 0.0 1.0000000000000004 0.5493531557415042 0.4712910881822206
11.600000000000001 1.0 12 0.0 1.0 0.49227869202389457 0.4129165324546276
11.700000000000001 1.0 12 0.0 1.0000000000000004 0.4431674628049455 0.3710086080587
11.8 1.0 12 0.0 1.0000000000000009 0.41411645723247886 0.3490817256378785
11.9 1.0 12 0.0 1.0 0.4118374330870469 0.34871848778950904
12.0 1.0 12 0.0 1.0000000000000004 0.4320599392080709 0.36958670816908595
12.100000000000001 1.0 12 0.0 1.0 0.4642574986242678 0.4080957511149197
12.200000000000001 1.0 12 0.0 1.0000000000000004 0.49781246743907054 0.455783048603668
12.3 1.0 12 0.0 1.0000000000000004 0.5243682796646593 0.5000839756431362
12.4 1.0 12 0.0 1.0 0.5401840512464043 0.5300765337474457
12.5 1.0 12 0.0 1.0000000000000009 0.5467493982966413 0.5437377931057873
12.600000000000001 1.0 12 0.0 1.0000000000000009 0.5483721975086434 0.5474142814296993
12.700000000000001 1.0 12 0.0 1.0 0.5483083033303169 0.5469460655565802
12.8 1.0 12 0.0 0.9999999999999998 0.5457369720815191 0.5409927060513781
12.9 1.0 12 0.0 1.0 0.5372439422466978 0.5234574503492501
13.0 1.0 12 0.0 1.0000000000000009 0.5204502036860906 0.4920277112862052
13.100000000000001 1.0 12 0.0 0.9999999999999998 0.49670176046194925 0.4530850272382927
13.200000000000001 1.0 12 0.0 0.9999999999999993 0.4715030074776491 0.41781643381729316
13.3 1.0 12 0.0 0.9999999999999998 0.4533205313656446 0.39569095777542457
13.4 1.0 12 0.0 1.0000000000000004 0.451322253790938 0.39179501038511927
13.5 1.0 12 0.0 0.9999999999999998 0.47127199858821583 0.40768178911218905
13.600000000000001 1.0 12 0.0 0.9999999999999993 0.5109791972417853 0.44284674697409726
13.700000000000001 1.0 12 0.0 0.9999999999999996 0.5615323582807278 0.4950011798083165
13.8 1.0 12 0.0 0.9999999999999993 0.612549453526592 0.558730277828474
13.9 1.0 12 0.0 0.9999999999999996 0.655090362717429 0.6233339007262423
14.0 1.0 12 0.0 1.0 0.6825654524206871 0.6723937617938162
14.100000000000001 1.0 12 0.0 1.0000000000000009 0.6911946271269752 0.6892614223216341
14.200000000000001 1.0 12 0.0 1.0000000000000004 0.6802929605158986 0.6680857763439699
14.3 1.0 12 0.0 1.0000000000000004 0.6522884318173067 0.6188639891734001
14.4 1.0 12 0.0 0.9999999999999998 0.6124066521505677 0.5593902553533838
14.5 1.0 12 0.0 1.0000000000000009 0.5680429387971895 0.5046716914346002
14.600000000000001 1.0 12 0.0 1.0000000000000009 0.5278520324632462 0.46318455809206155
14.700000000000001 1.0 12 0.0 1.0000000000000004 0.5001502625704378 0.4383103784731143
14.8 1.0 12 0.0 1.0000000000000004 0.4898592048649275 0.430771562222554
14.9 1.0 12 0.0 1.0000000000000004 0.49576268240332116 0.4398126562377211
15.0 1.0 12 0.0 1.0000000000000004 0.5116571480075608 0.4625855581272897
15.100000000000001 1.0 12 0.0 1.0 0.5298676508828879 0.4927853213635829
15.200000000000001 1.0 12 0.0 0.9999999999999998 0.544063681188744 0.5210897737975027
15.3 1.0 12 0.0 1.0000000000000004 0.5510703214297363 0.5394777339062112
15.4 1.0 12 0.0 1.0 0.5516050379294289 0.5465536091601514
15.5 1.0 12 0.0 0.9999999999999996 0.5490785370381907 0.5468368274944683
15.600000000000001 1.0 12 0.0 1.0000000000000004 0.546444289658968 0.5433725814302861
15.700000000000001 1.0 12 0.0 1.0000000000000013 0.5422522944955026 0.5319462948234864
15.8 1.0 12 0.0 1.0 0.52975417350485 0.5040374894377747
15.9 1.0 12 0.0 1.0 0.5043079914026137 0.4567990344890265
16.0 1.0 12 0.0 0.9999999999999998 0.46616694013129106 0.39868674559973033
16.1 1.0 12 0.0 1.0000000000000004 0.42107247357190464 0.3440121740037436
16.2 1.0 12 0.0 0.9999999999999996 0.3802470118852502 0.30463137330607976
16.3 1.0 12 0.0 1.0000000000000004 0.3589363920919424 0.28679385598556556
16.400000000000002 1.0 12 0.0 1.0 0.36828834995227244 0.29220271117693414
16.5 1.0 12 0.0 1.0000000000000009 0.4082184782403349 0.3199142354530021
16.6 1.0 12 0.0 0.9999999999999996 0.4657943006479958 0.3673449776744158
16.7 1.0 12 0.0 0.9999999999999998 0.5270460855891704 0.42995400408770695
16.8 1.0 12 0.0 1.0000000000000004 0.581563918475363 0.4998175691864734
16.900000000000002 1.0 12 0.0 1.0000000000000004 0.6224344473480347 0.5642480141778313
17.0 1.0 12 0.0 1.0 0.6459864617142544 0.6074501611907549
17.1 1.0 12 0.0 0.9999999999999998 0.651699830974064 0.6181831540771366
17.2 1.0 12 0.0 1.0000000000000004 0.6420200673695106 0.5985901287267406
17.3 1.0 12 0.0 0.9999999999999993 0.6218370714348948 0.5629374874106418
17.400000000000002 1.0 12 0.0 0.9999999999999993 0.5975010662345389 0.5272591749795765
17.5 1.0 12 0.0 0.9999999999999998 0.575506940177154 0.501667291063645
17.6 1.0 12 0.0 1.0000000000000004 0.5611194992253079 0.4894777010202958
17.7 1.0 12 0.0 1.0000000000000009 0.5570103610986292 0.48985141322090814
17.8 1.0 12 0.0 1.0 0.562256191796541 0.500438559245701
17.900000000000002 1.0 12 0.0 0.9999999999999998 0.5726937744794979 0.5181129650956022
18.0 1.0 12 0.0 1.0 0.5826519945097547 0.5379862113300683
18.1 1.0 12 0.0 0.9999999999999998 0.5870060477210253 0.5532606014356021
18.2 1.0 12 0.0 1.0000000000000004 0.5829659471894139 0.558374902998969
18.3 1.0 12 0.0 1.0 0.5712147698428841 0.5531797879863989
18.400000000000002 1.0 12 0.0 1.0000000000000009 0.5555071558556731 0.5420487371860276
18.5 1.0 12 0.0 1.0 0.5400574896778901 0.5272464972131509
18.6 1.0 12 0.0 1.0000000000000004 0.5265433867172776 0.503777004766213
18.7 1.0 12 0.0 1.0000000000000009 0.5085401621379847 0.46256922656197624
18.8 1.0 12 0.0 1.0000000000000004 0.47595033279853305 0.40068480258337424
18.900000000000002 1.0 12 0.0 1.0000000000000004 0.427162993599354 0.3270386853546518
19.0 1.0 12 0.0 1.0000000000000004 0.36720142874502965 0.25664048628623265
19.1 1.0 12 0.0 1.0000000000000004 0.3058918902095593 0.20193463639538742
19.200000000000003 1.0 12 0.0 1.0 0.25718027194411025 0.16952927842770818
19.3 1.0 12 0.0 1.0 0.2420209374597663 0.1612696008368267
19.400000000000002 1.0 12 0.0 1.0000000000000004 0.2716805790224586 0.1762668847917288
19.5 1.0 12 0.0 0.9999999999999998 0.32846840007787975 0.21225858302862488
19.6 1.0 12 0.0 1.0000000000000004 0.3937433283378278 0.26590487847017796
19.700000000000003 1.0 12 0.0 1.0000000000000009 0.45594236667615334 0.33202471493540203
19.8 1.0 12 0.0 1.0000000000000004 0.5080696119605527 0.4021769761230014
19.900000000000002 1.0 12 0.0 1.0000000000000004 0.5465471217263905 0.4641684496527459
20.0 1.0 12 0.0 0.9999999999999998 0.5707475018554152 0.5055009458350511
20.1 1.0 12 0.0 1.0 0.5826939483631298 0.5212005136657797
20.200000000000003 1.0 12 0.0 0.9999999999999998 0.5865296548410431 0.5184792289172051
20.3 1.0 12 0.0 1.0000000000000004 0.5873939426797153 0.5113772701014344
20.400000000000002 1.0 12 0.0 1.0 0.5898115109973454 0.5113851196052298
20.5 1.0 12 0.0 0.9999999999999996 0.5963621428420511 0.522721285314378
20.6 1.0 12 0.0 0.9999999999999993 0.6072438920474349 0.5431236685446147
20.700000000000003 1.0 12 0.0 1.0000000000000004 0.6205067320716169 0.5671585683710735
20.8 1.0 12 0.0 1.0000000000000004 0.6326040473932832 0.5890535397030287
20.900000000000002 1.0 12 0.0 1.0000000000000004 0.6392784127803842 0.603357201014893
21.0 1.0 12 0.0 0.9999999999999998 0.636743408464634 0.604931321731781
21.1 1.0 12 0.0 0.9999999999999998 0.6229887961755184 0.5912482131255224
21.200000000000003 1.0 12 0.0 1.0000000000000004 0.5988637489712479 0.5653939904451808
21.3 1.0 12 0.0 1.0 0.5681353060626978 0.5342509607839193
21.400000000000002 1.0 12 0.0 0.9999999999999996 0.5356192268518437 0.5018570430129039
21.5 1.0 12 0.0 1.0000000000000013 0.5038018646516704 0.46466928159742965
21.6 1.0 12 0.0 1.0 0.4710939062130026 0.41425793238353686
21.700000000000003 1.0 12 0.0 1.0000000000000004 0.4303845623013322 0.3463893495069356
21.8 1.0 12 0.0 0.9999999999999998 0.37408521395471744 0.26726807767420396
21.900000000000002 1.0 12 0.0 1.0000000000000004 0.30513541003000044 0.18980929548274242
22.0 1.0 12 0.0 1.0000000000000009 0.2320811695240492 0.12582738374354083
22.1 1.0 12 0.0 1.0 0.1661695739945452 0.08219455755032055
22.200000000000003 1.0 12 0.0 0.9999999999999967 0.12198520600976666 0.06127524183298682
22.3 1.0 12 0.0 1.0 0.1261421731882705 0.06275824480356737
22.400000000000002 1.0 12 0.0 0.9999999999999982 0.17322404025431218 0.08516554056101701
22.5 1.0 12 0.0 1.0000000000000004 0.2361186680894256 0.12649840226122236
22.6 1.0 12 0.0 1.0000000000000004 0.30202054110504584 0.1838960084617356
22.700000000000003 1.0 12 0.0 0.9999999999999993 0.3638522715487545 0.2524162508982381
22.8 1.0 12 0.0 1.0 0.41776241948289483 0.32371605311367346
22.900000000000002 1.0 12 0.0 0.9999999999999996 0.4621359959704388 0.38672812602114526
23.0 1.0 12 0.0 0.9999999999999998 0.4974226615550541 0.43258920848209276
23.1 1.0 12 0.0 1.0000000000000004 0.5261903498813867 0.4613058884440706
23.200000000000003 1.0 12 0.0 0.9999999999999991 0.5522884785032574 0.4822940908722668
23.3 1.0 12 0.0 0.9999999999999998 0.5788617280781888 0.5070409405374741
23.400000000000002 1.0 12 0.0 1.0000000000000004 0.6066205809003719 0.5414709178352353
23.5 1.0 12 0.0 0.9999999999999998 0.6337662686207906 0.5833723209917179
23.6 1.0 12 0.0 1.0 0.657156956793535 0.6245093133089472
23.700000000000003 1.0 12 0.0 0.9999999999999998 0.6734131302622811 0.6550341267382973
23.8 1.0 12 0.0 0.9999999999999993 0.679517294397827 0.6671818743995805
23.900000000000002 1.0 12 0.0 0.9999999999999998 0.673261259941444 0.6569508880266054
24.0 1.0 12 0.0 0.9999999999999998 0.6538527622862579 0.6256018105975469
24.1 1.0 12 0.0 1.0 0.6226003930658761 0.5805887258678523
24.200000000000003 1.0 12 0.0 0.9999999999999996 0.5830862050910334 0.5322296769480895
24.3 1.0 12 0.0 0.9999999999999993 0.5399414231481532 0.4870326063025838
24.400000000000002 1.0 12 0.0 1.0 0.49613067541902384 0.44329904528643876
24.5 1.0 12 0.0 0.9999999999999998 0.45060124413296204 0.392887258269115
24.6 1.0 12 0.0 1.0 0.39895731827633624 0.32886594760399507
24.700000000000003 1.0 12 0.0 0.9999999999999998 0.33731389132383893 0.2528790710628903
24.8 1.0 12 0.0 1.0 0.2653526849291236 0.17459101904341257
24.900000000000002 1.0 12 0.0 1.0000000000000004 0.18771841096544226 0.10509259982278836
25.0 1.0 12 0.0 0.9999999999999998 0.11346983508435698 0.052006453120145506
25.1 1.0 12 0.0 1.0 0.05272098065114448 0.018805362915185538
25.200000000000003 1.0 12 0.0 0.9999999999999998 0.019352011781930998 0.0062603064978590745
25.3 1.0 12 0.0 1.0 0.04167947210693501 0.014010785120273962
25.400000000000002 1.0 12 0.0 0.9999999999999996 0.09516021838458137 0.04141584678191135
25.5 1.0 12 0.0 1.0 0.1617231882225467 0.08744539147113146
25.6 1.0 12 0.0 0.9999999999999998 0.2334089758506902 0.14963370020269043
25.700000000000003 1.0 12 0.0 0.9999999999999998 0.30417077300785167 0.2225192940038111
25.8 1.0 12 0.0 0.9999999999999993 0.3687748747832725 0.296927602837945
25.900000000000002 1.0 12 0.0 1.0 0.4244471654755781 0.36245109783041873
26.0 1.0 12 0.0 1.0 0.4721332911455103 0.41363728277003703
26.1 1.0 12 0.0 1.0 0.5154836790175709 0.4544106149312869
26.200000000000003 1.0 12 0.0 0.9999999999999998 0.5577986549778952 0.4945477954794831
26.3 1.0 12 0.0 1.0 0.5993493800071764 0.5413822200767354
26.400000000000002 1.0 12 0.0 1.0000000000000004 0.6372789292600719 0.5942661516721234
26.5 1.0 12 0.0 1.0000000000000004 0.6675488954811462 0.644633844004063
26.6 1.0 12 0.0 1.0 0.6868100471832008 0.6806379775901887
26.700000000000003 1.0 12 0.0 1.0000000000000004 0.6931286607338691 0.693110141988812
26.8 1.0 12 0.0 0.9999999999999993 0.6859537318259296 0.6789531936728425
26.900000000000002 1.0 12 0.0 0.9999999999999991 0.6660092474349714 0.6417575235576481
27.0 1.0 12 0.0 0.9999999999999996 0.6353731664506569 0.5910084374249122
27.1 1.0 12 0.0 0.9999999999999998 0.5974669726327348 0.5385237417056117
27.200000000000003 1.0 12 0.0 1.0 0.556275990662189 0.49252058664355886
27.3 1.0 12 0.0 1.0000000000000004 0.5144698437224621 0.45318665256455154
27.400000000000002 1.0 12 0.0 1.0 0.4715619628871744 0.41285844420072815
27.5 1.0 12 0.0 1.0000000000000004 0.4241788758597353 0.3617486151820306
27.6 1.0 12 0.0 0.9999999999999993 0.36879482987399514 0.29620876514435446
27.700000000000003 1.0 12 0.0 0.9999999999999993 0.304653559174394 0.22195411858654032
27.8 1.0 12 0.0 1.0000000000000004 0.23457863902575685 0.14943064214675567
27.900000000000002 1.0 12 0.0 1.0 0.16360769596495944 0.08770354846363981
28.0 1.0 12 0.0 0.9999999999999998 0.09756391360949009 0.042132272911477316
28.1 1.0 12 0.0 0.999999999999998 0.04455338000168113 0.015157386268389706
28.200000000000003 1.0 12 0.0 0.9999999999999987 0.023432844839371667 0.007850979411788455
28.3 1.0 12 0.0 0.9999999999999993 0.0577657957508493 0.020918143968781385
28.400000000000002 1.0 12 0.0 1.0 0.11905989041832865 0.0547523140362858
28.5 1.0 12 0.0 0.9999999999999991 0.19352756707986088 0.1085364955902235
28.6 1.0 12 0.0 0.9999999999999991 0.270984491885151 0.17864632517393583
28.700000000000003 1.0 12 0.0 0.9999999999999998 0.3423166111040105 0.2572353014829742
28.8 1.0 12 0.0 0.9999999999999993 0.40295383751827596 0.3330657872045801
28.900000000000002 1.0 12 0.0 1.0 0.45375321914638 0.39660405021030987
29.0 1.0 12 0.0 1.0 0.49871054430450873 0.44656200421522163
29.1 1.0 12 0.0 0.9999999999999998 0.5421520877474507 0.4900661922513769
29.200000000000003 1.0 12 0.0 0.9999999999999998 0.5848996570691672 0.5350509620338258
29.3 1.0 12 0.0 1.0 0.6237945891179998 0.5827733214568269
29.400000000000002 1.0 12 0.0 0.9999999999999991 0.6541763437527055 0.6264268614673708
29.5 1.0 12 0.0 0.9999999999999993 0.6725808888402712 0.6558539882990637
29.6 1.0 12 0.0 1.0000000000000004 0.6778859634536362 0.6641712066626615
29.700000000000003 1.0 12 0.0 1.0 0.6710750202730583 0.6506966059033318
29.8 1.0 12 0.0 0.9999999999999991 0.6545154218496501 0.6197452496783364
29.900000000000002 1.0 12 0.0 0.9999999999999996 0.6313235232722506 0.5791310148732244
30.0 1.0 12 0.0 1.0000000000000004 0.6048866953824251 0.5385263555427722
30.1 1.0 12 0.0 0.9999999999999991 0.5782369570953635 0.5058130137241617
30.200000000000003 1.0 12 0.0 1.0 0.5529545713763838 0.4827658615992288
30.3 1.0 12 0.0 0.9999999999999996 0.5280853267878572 0.46306290008898904
30.400000000000002 1.0 12 0.0 0.9999999999999996 0.5003321924090943 0.43501750319881927
30.5 1.0 12 0.0 0.9999999999999991 0.4658135251841291 0.3893393926045223
30.6 1.0 12 0.0 1.0000000000000004 0.42197132091637 0.32635276997840745
30.700000000000003 1.0 12 0.0 1.0 0.36835516196439144 0.25516007718160444
30.8 1.0 12 0.0 0.9999999999999996 0.3066146400973962 0.1868721675157665
30.900000000000002 1.0 12 0.0 0.9999999999999976 0.24073438779380588 0.1297934284604588
31.0 1.0 12 0.0 0.9999999999999991 0.1780419808530318 0.08885137975073493
31.1 1.0 12 0.0 0.9999999999999984 0.13177876479708497 0.06693576135464956
31.200000000000003 1.0 12 0.0 0.9999999999999989 0.1293184536397009 0.0660862335322637
31.3 1.0 12 0.0 1.0000000000000004 0.17425022966225714 0.08778813572365125
31.400000000000002 1.0 12 0.0 0.9999999999999998 0.24033505049658863 0.1322799125444247
31.5 1.0 12 0.0 1.0 0.31300510484059835 0.19700442113929995
31.6 1.0 12 0.0 1.0000000000000004 0.38102579526830604 0.27477869659314685
31.700000000000003 1.0 12 0.0 1.0 0.43600733133597164 0.35349398824036293
31.8 1.0 12 0.0 0.9999999999999998 0.4752939668949116 0.42025097840059766
31.900000000000002 1.0 12 0.0 1.0000000000000004 0.5067883877509292 0.4692864946415822
32.0 1.0 12 0.0 1.0000000000000004 0.5376946301163598 0.5052705014680848
32.1 1.0 12 0.0 1.0000000000000004 0.5693545346394028 0.5365945153188654
32.2 1.0 12 0.0 0.9999999999999996 0.5990856693092953 0.5664123312424778
32.300000000000004 1.0 12 0.0 0.9999999999999996 0.6220527843409936 0.5904437074828962
32.4 1.0 12 0.0 0.9999999999999998 0.6346360475155932 0.6020682946333252
32.5 1.0 12 0.0 0.9999999999999998 0.6362060819297953 0.5988112915568213
32.6 1.0 12 0.0 1.0000000000000004 0.6289826154047247 0.5836736261679151
32.7 1.0 12 0.0 1.0000000000000004 0.6169032702028382 0.5619189224471143
32.800000000000004 1.0 12 0.0 1.0 0.6042833217644924 0.5389085105318515
32.9 1.0 12 0.0 1.0 0.594601541642022 0.5202237180159546
33.0 1.0 12 0.0 0.9999999999999996 0.5896091603375256 0.5110153475264976
33.1 1.0 12 0.0 0.9999999999999989 0.5888237970953413 0.5131800720313412
33.2 1.0 12 0.0 1.0000000000000009 0.5893842768728305 0.5220975735716226
33.300000000000004 1.0 12 0.0 1.0 0.5865795124788651 0.5259441776553008
33.4 1.0 12 0.0 1.0000000000000013 0.575215734984739 0.5106067222982437
33.5 1.0 12 0.0 0.9999999999999998 0.5511999822564038 0.4691605026624938
33.6 1.0 12 0.0 1.0000000000000004 0.5126239154435569 0.40699230897286914
33.7 1.0 12 0.0 1.0 0.46027547217244047 0.3368330501436561
33.800000000000004 1.0 12 0.0 1.0000000000000004 0.3979342143206687 0.27091255453699153
33.9 1.0 12 0.0 1.0 0.33283991175739375 0.21764475410241954
34.0 1.0 12 0.0 1.0000000000000004 0.27685581390152864 0.18219147169235547
34.1 1.0 12 0.0 1.0000000000000004 0.24876741499670996 0.16788019343567015
34.2 1.0 12 0.0 1.0000000000000004 0.26502295725742253 0.17693634853430773
34.300000000000004 1.0 12 0.0 1.0000000000000004 0.31382570344156224 0.21014159140301403
34.4 1.0 12 0.0 1.0 0.37453596937007655 0.2654237273900398
34.5 1.0 12 0.0 1.0000000000000009 0.43336546865125936 0.3358164608039862
34.6 1.0 12 0.0 0.9999999999999998 0.48069524123875745 0.40853278205856625
34.7 1.0 12 0.0 0.9999999999999998 0.5118096189519652 0.46860946256388986
34.800000000000004 1.0 12 0.0 0.9999999999999996 0.5286310061603295 0.5077601611642871
34.9 1.0 12 0.0 0.9999999999999996 0.5413043000705857 0.5295860231735784
35.0 1.0 12 0.0 1.0 0.5559204982365232 0.5431961243237862
35.1 1.0 12 0.0 0.9999999999999993 0.5706533307920104 0.553143581509472
35.2 1.0 12 0.0 0.9999999999999996 0.5812644187569534 0.5568481590212871
35.300000000000004 1.0 12 0.0 0.9999999999999998 0.5841487997320861 0.5501278300070916
35.4 1.0 12 0.0 0.9999999999999993 0.5788580947997802 0.5336459819413578
35.5 1.0 12 0.0 1.0000000000000009 0.5684078386934447 0.513327390071446
35.6 1.0 12 0.0 0.9999999999999998 0.5580849441196717 0.49601437190587055
35.7 1.0 12 0.0 0.9999999999999998 0.5536174246755734 0.48647866805087986
35.800000000000004 1.0 12 0.0 0.9999999999999998 0.5590643689882677 0.4876988585771865
35.9 1.0 12 0.0 1.0 0.5750728090368723 0.5018405449487783
36.0 1.0 12 0.0 1.0 0.5986265829408284 0.5294791878660771
36.1 1.0 12 0.0 1.0 0.6241824063114829 0.5669515622933972
36.2 1.0 12 0.0 1.0000000000000004 0.6451014607288982 0.6037730792558752
36.300000000000004 1.0 12 0.0 1.0 0.6550309712916317 0.6236861499740751
36.4 1.0 12 0.0 1.0 0.6491881000792173 0.6125894579828713
36.5 1.0 12 0.0 1.0 0.625300313673946 0.568849203754386
36.6 1.0 12 0.0 1.0 0.5840916869608552 0.5041432772932314
36.7 1.0 12 0.0 1.0 0.5294444633637126 0.4343932072923047
36.800000000000004 1.0 12 0.0 0.9999999999999996 0.46847121826942756 0.3722154257356208
36.9 1.0 12 0.0 0.9999999999999991 0.4117370793508257 0.3254171763206393
37.0 1.0 12 0.0 0.9999999999999996 0.37314904524480746 0.2984338876678398
37.1 1.0 12 0.0 1.0 0.3649322951987783 0.29374773259556336
37.2 1.0 12 0.0 0.9999999999999998 0.3864198021333971 0.31216580321841086
37.300000000000004 1.0 12 0.0 0.9999999999999996 0.42648641403121457 0.35176279788945086
37.4 1.0 12 0.0 0.9999999999999996 0.4704307271933314 0.4059819053596761
37.5 1.0 12 0.0 1.0 0.5072262509637121 0.46274728335603393
37.6 1.0 12 0.0 1.0000000000000004 0.5314285680389083 0.5079744428549594
37.7 1.0 12 0.0 0.9999999999999987 0.5430590792827085 0.5339603637827025
37.800000000000004 1.0 12 0.0 0.9999999999999996 0.5468237670819484 0.5441790110566002
37.9 1.0 12 0.0 0.9999999999999989 0.5491038404775823 0.5470414011871162
38.0 1.0 12 0.0 0.9999999999999998 0.5510390021973482 0.5461533942124229
38.1 1.0 12 0.0 1.0000000000000013 0.5496191365544746 0.538014682760706
38.2 1.0 12 0.0 1.0 0.5415406915194282 0.5182297085064009
38.300000000000004 1.0 12 0.0 0.9999999999999998 0.5263181472042695 0.4887333995072248
38.400000000000006 1.0 12 0.0 1.0 0.5073851818159535 0.45796604438439514
38.5 1.0 12 0.0 1.0 0.4912983716219163 0.4353142029875214
38.6 1.0 12 0.0 0.9999999999999998 0.48588144188424937 0.42695244961463147
38.7 1.0 12 0.0 1.0 0.4973001795722132 0.4355777552392888
38.800000000000004 1.0 12 0.0 1.0 0.526437857774673 0.46180203130805264
38.900000000000006 1.0 12 0.0 0.9999999999999996 0.5679253827998988 0.5047200881732617
39.0 1.0 12 0.0 0.9999999999999998 0.6131655210826663 0.5606938919528494
39.1 1.0 12 0.0 1.0 0.6534260583972296 0.6209365677309565
39.2 1.0 12 0.0 1.0000000000000004 0.6813746083614868 0.6701946376852891
39.300000000000004 1.0 12 0.0 1.0000000000000004 0.6919378661093795 0.6907360776515641
39.400000000000006 1.0 12 0.0 1.0 0.6828882003615879 0.6730635694791559
39.5 1.0 12 0.0 1.0 0.6551233200637766 0.6236183473609801
39.6 1.0 12 0.0 0.9999999999999998 0.6126160080623864 0.5592784228599842
39.7 1.0 12 0.0 0.9999999999999998 0.5620940387170568 0.4963350906988065
39.800000000000004 1.0 12 0.0 1.0 0.5125349470848105 0.4452377858258894
39.900000000000006 1.0 12 0.0 1.0 0.4741644844387043 0.41116988360843143
40.0 1.0 12 0.0 0.9999999999999996 0.45543908637085745 0.3962433876068916
40.1 1.0 12 0.0 1.0000000000000004 0.4580404638380911 0.40081677889747463
40.2 1.0 12 0.0 1.0000000000000004 0.47606768962765783 0.4231723201495898
40.300000000000004 1.0 12 0.0 1.0 0.5005119695263142 0.458034471146249
40.400000000000006 1.0 12 0.0 1.0000000000000004 0.5231689952731415 0.49585652755550164
40.5 1.0 12 0.0 1.0 0.5388310490199989 0.5257325223615406
40.6 1.0 12 0.0 1.0000000000000004 0.5464210758058933 0.5419039625751275
40.7 1.0 12 0.0 1.0000000000000009 0.5484577008973597 0.5471120727994342
40.800000000000004 1.0 12 0.0 0.9999999999999998 0.5482859155701189 0.5472356947475898
40.900000000000006 1.0 12 0.0 1.0 0.5464587217275763 0.5429595776662488
41.0 1.0 12 0.0 1.0 0.5393420382042104 0.527971015875857
41.1 1.0 12 0.0 1.0 0.5225382932309177 0.49613999863929253
41.2 1.0 12 0.0 1.0 0.494715749308462 0.45021515443214816
41.300000000000004 1.0 12 0.0 1.0 0.45981563879197024 0.4016405479944983
41.400000000000006 1.0 12 0.0 1.0 0.4267932290663912 0.36300181167749296
41.5 1.0 12 0.0 1.0000000000000009 0.4065200587698928 0.3425295773112047
41.6 1.0 12 0.0 1.0000000000000004 0.4096310298375641 0.3435846039122851
41.7 1.0 12 0.0 1.0 0.4400116467483806 0.36633611994047155
41.800000000000004 1.0 12 0.0 1.0000000000000013 0.49024706126557466 0.40906868692398063
41.900000000000006 1.0 12 0.0 1.0000000000000009 0.5479293896490866 0.468119532702362
42.0 1.0 12 0.0 1.0000000000000004 0.602022624279624 0.536462333668419
42.1 1.0 12 0.0 1.0 0.6443406084127901 0.601937772285564
42.2 1.0 12 0.0 0.9999999999999982 0.6697049361028625 0.6479519200660578
42.300000000000004 1.0 12 0.0 0.9999999999999996 0.6760546924301277 0.6603886591722082
42.400000000000006 1.0 12 0.0 1.0000000000000004 0.6644596930153276 0.6378960834861279
42.5 1.0 12 0.0 0.9999999999999993 0.6388569912817349 0.5934275125047266
42.6 1.0 12 0.0 1.0000000000000009 0.6053978869122564 0.544379793066371
42.7 1.0 12 0.0 1.0000000000000004 0.5714335869486132 0.503384379682963
42.800000000000004 1.0 12 0.0 1.0 0.5442247413728086 0.47624675932033605
42.900000000000006 1.0 12 0.0 1.0000000000000013 0.5291808514374775 0.4641371450658928
43.0 1.0 12 0.0 1.0 0.5277472963083807 0.46617128996968255
43.1 1.0 12 0.0 0.9999999999999996 0.536717493518938 0.4803563155155724
43.2 1.0 12 0.0 0.9999999999999996 0.5500160299204152 0.5026948059584577
43.300000000000004 1.0 12 0.0 1.0 0.5613049310719064 0.5262753513948226
43.400000000000006 1.0 12 0.0 1.0 0.5661339987993608 0.5431971572242267
43.5 1.0 12 0.0 1.0000000000000004 0.563422709229537 0.549461729862803
43.6 1.0 12 0.0 0.9999999999999998 0.5556600105748071 0.5474223090622293
43.7 1.0 12 0.0 1.0 0.5469333738162989 0.5411981863503721
43.800000000000004 1.0 12 0.0 1.0000000000000009 0.5397093755386756 0.5294243500961644
43.900000000000006 1.0 12 0.0 1.0 0.5298168444078845 0.5039010518174752
44.0 1.0 12 0.0 1.0 0.507906673160874 0.45752006833784914
44.1 1.0 12 0.0 1.0 0.4704907460271146 0.3938504351688945
44.2 1.0 12 0.0 1.0000000000000004 0.4203225516423261 0.32639492216995303
44.300000000000004 1.0 12 0.0 1.0000000000000004 0.3655252256482157 0.2696126703682573
44.400000000000006 1.0 12 0.0 1.0 0.3188494653204335 0.23279896090625296
44.5 1.0 12 0.0 1.0000000000000004 0.2991169071805362 0.21967413902784236
44.6 1.0 12 0.0 1.0000000000000009 0.31846686671743324 0.23032047644367173
44.7 1.0 12 0.0 1.0000000000000009 0.3685230476101386 0.26287960097557966
44.800000000000004 1.0 12 0.0 1.0 0.43152909926672667 0.3141652971785927
44.900000000000006 1.0 12 0.0 1.0000000000000009 0.4940772905185777 0.3790952013102988
45.0 1.0 12 0.0 1.0000000000000004 0.5474072486683682 0.4492670717773615
45.1 1.0 12 0.0 1.0 0.5863844543578468 0.5120404638364445
45.2 1.0 12 0.0 1.0000000000000009 0.6090727562211017 0.5532106984790501
45.300000000000004 1.0 12 0.0 1.0 0.6165029496700134 0.5649944998572806
45.400000000000006 1.0 12 0.0 1.0 0.6122898834035574 0.5526967204199807
45.5 1.0 12 0.0 1.0000000000000009 0.6017972834347379 0.5308960975426352
45.6 1.0 12 0.0 1.0000000000000009 0.5907855183837197 0.513385170978765
45.7 1.0 12 0.0 1.0 0.5839440919475546 0.5071885232320374
45.800000000000004 1.0 12 0.0 1.0000000000000009 0.5838376939023827 0.5127119077298007
45.900000000000006 1.0 12 0.0 1.0000000000000004 0.5903659069510309 0.5267535917224756
46.0 1.0 12 0.0 1.0000000000000004 0.6007867680689314 0.5451991538785902
46.1 1.0 12 0.0 1.0000000000000004 0.6105645324647728 0.5635875138195227
46.2 1.0 12 0.0 1.0000000000000004 0.614839740532823 0.5763891244147077
46.300000000000004 1.0 12 0.0 1.0 0.6100481091376803 0.5781609415491717
46.400000000000006 1.0 12 0.0 1.0000000000000004 0.5953511808392511 0.5673986713825377
46.5 1.0 12 0.0 1.0000000000000004 0.5732539028388601 0.5481831488994174
46.6 1.0 12 0.0 1.0 0.5484147762942176 0.5255418223031445
46.7 1.0 12 0.0 1.0000000000000004 0.5244688086810143 0.49873303807300534
46.800000000000004 1.0 12 0.0 0.9999999999999996 0.5015759389957233 0.4601110217558224
46.900000000000006 1.0 12 0.0 1.0 0.47195086854307866 0.4025107266797396
47.0 1.0 12 0.0 0.9999999999999996 0.4263635677988485 0.32848436597383834
47.1 1.0 12 0.0 1.0000000000000004 0.365727342693281 0.25032762755360244
47.2 1.0 12 0.0 1.0 0.2972643341815894 0.18193819763725985
47.300000000000004 1.0 12 0.0 0.9999999999999993 0.23197274659978287 0.1326637801419383
47.400000000000006 1.0 12 0.0 0.9999999999999989 0.1845073854381587 0.10650369772680733
47.5 1.0 12 0.0 1.0000000000000004 0.17869752279659748 0.10384420523739857
47.6 1.0 12 0.0 0.9999999999999993 0.21932173570594182 0.12324931177942074
47.7 1.0 12 0.0 1.0000000000000009 0.2805598518982976 0.16243028041857582
47.800000000000004 1.0 12 0.0 1.0000000000000009 0.3464127208629215 0.2182067147829683
47.900000000000006 1.0 12 0.0 0.9999999999999998 0.4078183368419423 0.28550513224767615
48.0 1.0 12 0.0 0.9999999999999998 0.45968675372054674 0.3559614213533902
48.1 1.0 12 0.0 1.0 0.4998517702866088 0.41799807896734203
48.2 1.0 12 0.0 1.0000000000000009 0.5286331670638343 0.46109723567980665
48.300000000000004 1.0 12 0.0 0.9999999999999998 0.5485897050031173 0.4831355627154457
48.400000000000006 1.0 12 0.0 1.0 0.5638719806292783 0.4927942190166697
48.5 1.0 12 0.0 1.0 0.5787328867886965 0.50295870445457
48.6 1.0 12 0.0 1.0000000000000004 0.595759038736213 0.522262623928526
48.7 1.0 12 0.0 0.9999999999999996 0.615050554906435 0.5515795613233173
48.800000000000004 1.0 12 0.0 1.0000000000000009 0.6346579860398741 0.5854714920505716
48.900000000000006 1.0 12 0.0 1.0 0.651445142586792 0.6159609388948714
49.0 1.0 12 0.0 1.0000000000000004 0.6618092026972343 0.635714513255666
49.1 1.0 12 0.0 1.0000000000000004 0.6623793575692244 0.6391723540990538
49.2 1.0 12 0.0 0.9999999999999993 0.6508849308930177 0.6236269488017052
49.300000000000004 1.0 12 0.0 1.0000000000000009 0.6271364725962273 0.5916973313868573
49.400000000000006 1.0 12 0.0 1.0000000000000004 0.5936527433838841 0.5513046219418722
49.5 1.0 12 0.0 1.0 0.5550204523657299 0.5102659872282106
49.6 1.0 12 0.0 1.0000000000000009 0.515413185604005 0.4699238710586675
49.7 1.0 12 0.0 1.0000000000000004 0.47548415745531497 0.4239331556732531
49.800000000000004 1.0 12 0.0 0.9999999999999996 0.4316841163062286 0.36429214973635776
49.900000000000006 1.0 12 0.0 1.0 0.37907471321045066 0.29014719132097944
50.0 1.0 12 0.0 1.0 0.3129813769110463 0.21014088224357466
50.1 1.0 12 0.0 1.0000000000000009 0.23788375893150404 0.1364584688976791
50.2 1.0 12 0.0 1.0000000000000004 0.1630280210769042 0.07849125499927742
50.300000000000004 1.0 12 0.0 1.0 0.099225406251913 0.04097069810478991
50.400000000000006 1.0 12 0.0 0.9999999999999993 0.06060428710240346 0.025118354295451385
50.5 1.0 12 0.0 1.0 0.0757489307286738 0.030383107405354725
50.6 1.0 12 0.0 1.0 0.1268644874263282 0.05561476307924166
50.7 1.0 12 0.0 1.0000000000000009 0.19096036809209713 0.09932452108757857
50.800000000000004 1.0 12 0.0 1.0 0.2582961264179327 0.15896833965263263
50.900000000000006 1.0 12 0.0 1.0 0.32335644711769523 0.22950587961333493
51.0 1.0 12 0.0 1.0 0.38247240893341444 0.3023118123156044
51.1 1.0 12 0.0 1.0 0.43344538980843433 0.3667252686944175
51.2 1.0 12 0.0 1.0 0.47647923919922164 0.415699628768891
51.300000000000004 1.0 12 0.0 1.0 0.5143835501551471 0.45143833576079273
51.400000000000006 1.0 12 0.0 1.0000000000000004 0.5507609366252294 0.4837802800664408
51.5 1.0 12 0.0 1.0 0.5873434979143466 0.5222288989947587
51.6 1.0 12 0.0 0.9999999999999998 0.6228236624705535 0.5693284658991137
51.7 1.0 12 0.0 1.0000000000000004 0.653874935099313 0.6193058771233834
51.800000000000004 1.0 12 0.0 1.0000000000000004 0.6768782682051744 0.6613177926473143
51.900000000000006 1.0 12 0.0 1.0 0.6889485848625011 0.6848102012386624
52.0 1.0 12 0.0 1.0 0.6882309520685483 0.683539891096678
52.1 1.0 12 0.0 0.9999999999999996 0.6740510646689994 0.657217106976937
52.2 1.0 12 0.0 1.0 0.6472448933943205 0.6121400414914419
52.300000000000004 1.0 12 0.0 1.0 0.6104853146981597 0.5593826186321434
52.400000000000006 1.0 12 0.0 1.0 0.5679198613014519 0.5091396630654531
52.5 1.0 12 0.0 0.9999999999999998 0.5234462986253853 0.46481680361485256
52.6 1.0 12 0.0 1.0 0.4782134945658529 0.42130881900102873
52.7 1.0 12 0.0 0.9999999999999993 0.42959774750374474 0.36926769146487454
52.800000000000004 1.0 12 0.0 1.0000000000000004 0.3732814751549806 0.3034229954651434
52.900000000000006 1.0 12 0.0 0.9999999999999993 0.3069414613268448 0.22777485201316114
53.0 1.0 12 0.0 1.0000000000000004 0.23249081856494294 0.15252973207629852
53.1 1.0 12 0.0 0.9999999999999998 0.15567289756333974 0.0875737580252293
53.2 1.0 12 0.0 1.0000000000000009 0.08429888626373594 0.03905811360258604
53.300000000000004 1.0 12 0.0 0.9999999999999973 0.0275077762711641 0.009645776982760701
53.400000000000006 1.0 12 0.0 0.9999999999999973 0.00047391488870959683 9.01035384099706e-05
53.5 1.0 12 0.0 1.0000000000000004 0.029625694981817566 0.010536436198484466
53.6 1.0 12 0.0 0.9999999999999991 0.08778951790997702 0.04095930453218306
53.7 1.0 12 0.0 1.0000000000000009 0.16032854877175404 0.09061980014966836
53.800000000000004 1.0 12 0.0 1.0000000000000004 0.2378518951953689 0.1566902285946828
53.900000000000006 1.0 12 0.0 1.0 0.3123389629610731 0.23269443006486687
54.0 1.0 12 0.0 1.0 0.37815186683714264 0.3084691164956042
54.1 1.0 12 0.0 0.9999999999999998 0.43379481373990414 0.37393861594402306
54.2 1.0 12 0.0 1.0000000000000004 0.48203124273267556 0.4257044841282896
54.300000000000004 1.0 12 0.0 1.0000000000000004 0.527275358946897 0.4695286763281565
54.400000000000006 1.0 12 0.0 1.0000000000000009 0.571819789715928 0.514559535358907
54.5 1.0 12 0.0 1.0 0.6140574454139857 0.5650991954480878
54.6 1.0 12 0.0 1.0000000000000004 0.6498517843652175 0.6168762345222117
54.7 1.0 12 0.0 1.0000000000000004 0.6751282928866954 0.6593906396738585
54.800000000000004 1.0 12 0.0 1.0000000000000009 0.6874933065620903 0.6821442112427986
54.900000000000006 1.0 12 0.0 1.0 0.6864682546879185 0.679939912483806
55.0 1.0 12 0.0 1.0000000000000004 0.6730811592535134 0.6540675725595464
55.1 1.0 12 0.0 1.0000000000000004 0.6494817082952387 0.6113659827405132
55.2 1.0 12 0.0 1.0000000000000004 0.6187297682437948 0.5624510954404652
55.300000000000004 1.0 12 0.0 1.0 0.5844193918852117 0.5176643654639768
55.400000000000006 1.0 12 0.0 1.0 0.5495954880249013 0.4819242214060698
55.5 1.0 12 0.0 0.9999999999999998 0.5151129206852599 0.45181627473098734
55.6 1.0 12 0.0 1.0000000000000009 0.47888355279595834 0.4173172941585788
55.7 1.0 12 0.0 1.0000000000000004 0.4372585581015764 0.3687100856846934
55.800000000000004 1.0 12 0.0 1.0 0.3875788869090722 0.30439289382944484
55.900000000000006 1.0 12 0.0 0.9999999999999998 0.32966722507573687 0.2318992261585087
56.0 1.0 12 0.0 1.0000000000000004 0.2655279725068555 0.1619609779110736
56.1 1.0 12 0.0 1.0 0.19872339489504187 0.10305913539790823
56.2 1.0 12 0.0 1.0 0.13504046493912977 0.060134335006336116
56.300000000000004 1.0 12 0.0 1.0 0.08490672237900532 0.035758266617373545
56.400000000000006 1.0 12 0.0 1.0 0.07278179785082255 0.03152649670464688
56.5 1.0 12 0.0 1.0000000000000009 0.11321374508374078 0.04867959373521755
56.6 1.0 12 0.0 1.0000000000000004 0.1778911357404238 0.08774310942620385
56.7 1.0 12 0.0 1.0 0.2526987834134042 0.14726910750530678
56.800000000000004 1.0 12 0.0 1.0000000000000004 0.32670584366527594 0.2220672450066458
56.900000000000006 1.0 12 0.0 1.0000000000000004 0.39078410564013816 0.3021931581961724
57.0 1.0 12 0.0 1.0 0.44077401796904936 0.37524134211355625
57.1 1.0 12 0.0 1.0000000000000004 0.48227135743601385 0.4330756700840992
57.2 1.0 12 0.0 0.9999999999999998 0.5205880968150689 0.4773799240400309
57.300000000000004 1.0 12 0.0 1.0000000000000009 0.558880414580001 0.5163687547176982
57.400000000000006 1.0 12 0.0 1.0 0.596012647626224 0.5557565476309773
57.5 1.0 12 0.0 0.9999999999999996 0.6275775749866312 0.5934071859601969
57.6 1.0 12 0.0 0.9999999999999996 0.649119264066174 0.6214297925720166
57.7 1.0 12 0.0 1.0000000000000004 0.6584815169773254 0.6328515948689192
57.800000000000004 1.0 12 0.0 1.0000000000000004 0.6562731335419262 0.6263358465657699
57.900000000000006 1.0 12 0.0 1.0 0.6451277654187996 0.6053575390276574
58.0 1.0 12 0.0 1.0000000000000004 0.6286544292870805 0.5756181900297808
58.1 1.0 12 0.0 1.0 0.6105080975026742 0.5442032752929112
58.2 1.0 12 0.0 1.0 0.5936415201411697 0.5185557487325636
58.300000000000004 1.0 12 0.0 1.0 0.5795876410234886 0.5033612980020794
58.400000000000006 1.0 12 0.0 1.0000000000000009 0.5677011955246906 0.49690651548756953
58.5 1.0 12 0.0 1.0000000000000004 0.5549242363078584 0.4898303152754915
58.6 1.0 12 0.0 0.9999999999999996 0.5367636126586312 0.4689628042873579
58.7 1.0 12 0.0 1.0 0.5090430074272932 0.4260178678378463
58.800000000000004 1.0 12 0.0 0.9999999999999996 0.4692940042402987 0.3638585925955557
58.900000000000006 1.0 12 0.0 0.9999999999999993 0.41737173775200437 0.29348387245414337
59.0 1.0 12 0.0 1.0000000000000004 0.35573187749295904 0.2265683658370682
59.1 1.0 12 0.0 1.0000000000000009 0.28989141017555614 0.1714346985382199
59.2 1.0 12 0.0 1.0000000000000009 0.22951155173024484 0.1331488539217272
59.300000000000004 1.0 12 0.0 1.0000000000000009 0.19148983981236903 0.11492864108351643
59.400000000000006 1.0 12 0.0 0.9999999999999998 0.20035532585010915 0.11908006238013534
59.5 1.0 12 0.0 1.0000000000000004 0.2487562641578734 0.14694973956966983
59.6 1.0 12 0.0 1.0000000000000004 0.313647073975408 0.19786052104548738
59.7 1.0 12 0.0 1.0000000000000004 0.38053620903584545 0.26724961635148103
59.800000000000004 1.0 12 0.0 1.0000000000000004 0.4386465952096336 0.34502737401055766
59.900000000000006 1.0 12 0.0 1.0 0.4812465601935789 0.4168690087364832
60.0 1.0 12 0.0 1.0 0.5080790775510239 0.4710376111432984
60.1 1.0 12 0.0 1.0000000000000004 0.52881604090932 0.5062543670171873
60.2 1.0 12 0.0 0.9999999999999998 0.5509383669377169 0.5303476752912425
60.300000000000004 1.0 12 0.0 0.9999999999999998 0.573856599329325 0.55048255514137
60.400000000000006 1.0 12 0.0 1.0000000000000004 0.593707019247124 0.5666097384724005
60.5 1.0 12 0.0 1.0 0.6059808723415973 0.5736558092890109
60.6 1.0 12 0.0 0.9999999999999996 0.6085822010491804 0.5684549197703653
60.7 1.0 12 0.0 1.0 0.6028139848681909 0.5535766180938524
60.800000000000004 1.0 12 0.0 1.0 0.5926200754641014 0.5349177699980897
60.900000000000006 1.0 12 0.0 0.9999999999999998 0.5830716974949534 0.517914305344231
61.0 1.0 12 0.0 1.0000000000000004 0.5786661784914104 0.5067356505869839
61.1 1.0 12 0.0 1.0000000000000004 0.5817998251313791 0.5051060021388282
61.2 1.0 12 0.0 1.0000000000000004 0.5919919741690292 0.5156832020432297
61.300000000000004 1.0 12 0.0 1.0 0.6060554031242646 0.5373558272698046
61.400000000000006 1.0 12 0.0 1.0000000000000004 0.6188330132681594 0.5623212270167351
61.5 1.0 12 0.0 1.0000000000000013 0.6243636115407543 0.5762004689235173
61.6 1.0 12 0.0 1.0000000000000004 0.6173426832188426 0.5644663700321363
61.7 1.0 12 0.0 1.0000000000000004 0.5943945307031162 0.5226071685549115
61.800000000000004 1.0 12 0.0 1.0 0.5548312914569464 0.45929292032725705
61.900000000000006 1.0 12 0.0 1.0 0.5009915427152775 0.3891262392518949
62.0 1.0 12 0.0 1.0 0.438447901030882 0.32474256683715347
62.1 1.0 12 0.0 1.0000000000000009 0.3764208268539386 0.2744223987012198
62.2 1.0 12 0.0 0.9999999999999989 0.3286918621721418 0.24313474000379073
62.300000000000004 1.0 12 0.0 0.9999999999999998 0.31226396310181465 0.2339535925180538
62.400000000000006 1.0 12 0.0 1.0 0.33315570496497315 0.24855885564187732
62.5 1.0 12 0.0 0.9999999999999998 0.379178068725778 0.2865227706299779
62.6 1.0 12 0.0 0.9999999999999993 0.43210660020268254 0.34353239471269664
62.7 1.0 12 0.0 0.9999999999999998 0.4796140146651804 0.40957175260445594
62.800000000000004 1.0 12 0.0 0.9999999999999993 0.5141325100064374 0.46991133543387203
62.900000000000006 1.0 12 0.0 1.0000000000000004 0.5335554479858616 0.511956617643151
63.0 1.0 12 0.0 0.9999999999999998 0.5418149431598106 0.5337726186656792
63.1 1.0 12 0.0 1.0 0.5478911051664732 0.5432040283195002
63.2 1.0 12 0.0 0.9999999999999996 0.5551993677667484 0.5477604967489688
63.300000000000004 1.0 12 0.0 0.9999999999999993 0.561103580404537 0.5477341853965411
63.400000000000006 1.0 12 0.0 0.9999999999999989 0.5616221078618587 0.5387251945560321
63.5 1.0 12 0.0 1.0000000000000004 0.5546644238341295 0.5191382436357949
63.6 1.0 12 0.0 0.9999999999999993 0.5418031169744308 0.4939528438248863
63.7 1.0 12 0.0 1.0 0.5279206644643827 0.4714815123342481
63.800000000000004 1.0 12 0.0 0.9999999999999998 0.5196440333299869 0.45851668154056574
63.900000000000006 1.0 12 0.0 0.9999999999999989 0.5230756343434496 0.45878108139420065
64.0 1.0 12 0.0 1.0000000000000013 0.5410214894182946 0.47398471045043183
64.10000000000001 1.0 12 0.0 0.9999999999999993 0.5712921957673207 0.504650420507686
64.2 1.0 12 0.0 0.9999999999999991 0.6077870676061162 0.5490832546184442
64.3 1.0 12 0.0 0.9999999999999998 0.6428574447515754 0.6007981897044176
64.4 1.0 12 0.0 0.9999999999999991 0.6690771699032858 0.6465005579428289
64.5 1.0 12 0.0 0.9999999999999987 0.680465592056264 0.668583661369973
64.60000000000001 1.0 12 0.0 1.0000000000000004 0.6734157093588569 0.6547677132774914
64.7 1.0 12 0.0 0.9999999999999998 0.6472660569601131 0.607583028406225
64.8 1.0 12 0.0 1.0000000000000004 0.6044994590109535 0.5418822127168311
64.9 1.0 12 0.0 1.0 0.5506744968699112 0.47428304830574447
65.0 1.0 12 0.0 1.0000000000000004 0.49425328356043946 0.41662215556878807
65.10000000000001 1.0 12 0.0 0.9999999999999998 0.4462975386114672 0.3755656497998194
65.2 1.0 12 0.0 0.9999999999999998 0.4185661038091148 0.35447566539881176
65.3 1.0 12 0.0 1.0 0.4170821807907044 0.354799399895082
65.4 1.0 12 0.0 0.9999999999999998 0.4372296646543104 0.37603975311464705
65.5 1.0 12 0.0 1.0 0.4686058681895277 0.4143778465794276
65.60000000000001 1.0 12 0.0 0.9999999999999996 0.5008281684670731 0.46113397294716446
65.7 1.0 12 0.0 0.9999999999999996 0.5261139553837523 0.503798525989773
65.8 1.0 12 0.0 0.9999999999999996 0.540966293393304 0.5319984519190472
65.9 1.0 12 0.0 1.0000000000000004 0.5470065793178915 0.5444127695746881
66.0 1.0 12 0.0 1.0 0.5484369255143225 0.5475472277578103
66.10000000000001 1.0 12 0.0 0.9999999999999996 0.5481437255379548 0.5467344294468092
66.2 1.0 12 0.0 0.9999999999999998 0.545037001316171 0.5399873187974705
66.3 1.0 12 0.0 0.9999999999999993 0.5356305152927386 0.5210349197564789
66.4 1.0 12 0.0 1.0000000000000004 0.5176895518366709 0.4880341494067913
66.5 1.0 12 0.0 0.9999999999999998 0.49283670764290627 0.44798944869557294
66.60000000000001 1.0 12 0.0 1.0 0.4668803900376303 0.4123426297932571
66.7 1.0 12 0.0 1.0000000000000004 0.44855408730824026 0.39046573334436974
66.8 1.0 12 0.0 1.0 0.44718295162782695 0.3872498824619273
66.9 1.0 12 0.0 1.0000000000000004 0.46837211267985124 0.40408303365266285
67.0 1.0 12 0.0 0.9999999999999993 0.5093975370182181 0.4403148706831403
67.10000000000001 1.0 12 0.0 1.0000000000000004 0.5609016158528687 0.4934813996981457
67.2 1.0 12 0.0 0.9999999999999998 0.6123662195961713 0.5579405386517197
67.3 1.0 12 0.0 0.9999999999999993 0.6549024611005361 0.6227507550858226
67.4 1.0 12 0.0 1.0 0.6820667209612007 0.6713844077146044
67.5 1.0 12 0.0 1.0000000000000004 0.6902751615856317 0.6874445432757846
67.60000000000001 1.0 12 0.0 0.9999999999999998 0.6790558053669454 0.6656764696331495
67.7 1.0 12 0.0 0.9999999999999998 0.6510339140690916 0.6165584442697721
67.8 1.0 12 0.0 1.0 0.6115805526604435 0.5579231591825972
67.9 1.0 12 0.0 0.9999999999999998 0.5681426642238638 0.504518092812568
68.0 1.0 12 0.0 0.9999999999999991 0.5292822866651222 0.46450416107583686
68.10000000000001 1.0 12 0.0 1.0000000000000004 0.5030222665517954 0.4410055634945707
68.2 1.0 12 0.0 0.9999999999999993 0.4938425936692618 0.4345625553407771
68.3 1.0 12 0.0 0.9999999999999998 0.5002139220479312 0.4442767793064028
68.4 1.0 12 0.0 1.0000000000000013 0.5159043868178314 0.46715059399614445
68.5 1.0 12 0.0 0.9999999999999998 0.5333873314272838 0.496756828652758
68.60000000000001 1.0 12 0.0 0.9999999999999998 0.5465561228608643 0.5238562431415839
68.7 1.0 12 0.0 1.0000000000000004 0.552492378431139 0.5408602961040379
68.8 1.0 12 0.0 0.9999999999999982 0.5521415043340957 0.5468955732112671
68.9 1.0 12 0.0 0.9999999999999976 0.5490150232819113 0.5465670405741297
69.0 1.0 12 0.0 1.0 0.5460077887095197 0.5424433353971561
69.10000000000001 1.0 12 0.0 1.0 0.5413466193130887 0.5297218559434641
69.2 1.0 12 0.0 0.9999999999999987 0.527932820645113 0.49983174518452306
69.3 1.0 12 0.0 1.0 0.5012108528498613 0.45059576688319697
69.4 1.0 12 0.0 0.9999999999999996 0.4617183326303665 0.3912014069504916
69.5 1.0 12 0.0 0.9999999999999998 0.4154949090078805 0.336139963284618
69.60000000000001 1.0 12 0.0 0.9999999999999993 0.37395727587369415 0.297022586247168
69.7 1.0 12 0.0 0.9999999999999998 0.3528697163623175 0.27978869450654037
69.8 1.0 12 0.0 1.0 0.36340191752063694 0.28592383851759373
69.9 1.0 12 0.0 0.9999999999999998 0.40466268472738537 0.31435276826896674
70.0 1.0 12 0.0 1.0000000000000004 0.46303707793635435 0.36239552814832815
70.10000000000001 1.0 12 0.0 0.9999999999999996 0.5245277019159806 0.42541112728690167
70.2 1.0 12 0.0 1.0000000000000009 0.5788923386558712 0.495366289691695
70.3 1.0 12 0.0 1.0 0.619421188141197 0.559512017375094
70.4 1.0 12 0.0 1.0 0.6426544864115354 0.6021920763661518
70.5 1.0 12 0.0 0.9999999999999996 0.6482735241108556 0.6126080896445917
70.60000000000001 1.0 12 0.0 0.9999999999999998 0.6388915041314851 0.5933993066866095
70.7 1.0 12 0.0 0.9999999999999996 0.6194968551019457 0.558976043403001
70.8 1.0 12 0.0 0.9999999999999998 0.5964254482394883 0.5251365022981648
70.9 1.0 12 0.0 1.0 0.5760157384788794 0.5016174192121319
71.0 1.0 12 0.0 0.9999999999999993 0.5632467058017999 0.49138744686316954
71.10000000000001 1.0 12 0.0 0.9999999999999998 0.5604490917168619 0.49334430729301876
71.2 1.0 12 0.0 1.0000000000000004 0.5664356192843049 0.5049533387721037
71.3 1.0 12 0.0 0.9999999999999998 0.5769501706903113 0.5229401293885466
71.4 1.0 12 0.0 0.9999999999999998 0.5863848238946673 0.5423045016110494
71.5 1.0 12 0.0 0.9999999999999998 0.5897804854632835 0.556311425347198
71.60000000000001 1.0 12 0.0 1.0 0.5845743140562055 0.5597849324411547
71.7 1.0 12 0.0 0.9999999999999998 0.5716816170524162 0.5530877940004243
71.8 1.0 12 0.0 0.9999999999999998 0.5549984648641588 0.5407581770830167
71.9 1.0 12 0.0 1.0 0.5387040150500074 0.5247287163517571
72.0 1.0 12 0.0 0.9999999999999989 0.5243183262753596 0.4995814438157385
72.10000000000001 1.0 12 0.0 0.9999999999999996 0.5050972523110668 0.4563298411077387
72.2 1.0 12 0.0 1.0 0.4710180750572415 0.39271315580919125
72.3 1.0 12 0.0 0.9999999999999993 0.4207872234455677 0.3182342710405735
72.4 1.0 12 0.0 0.9999999999999998 0.35972991905965834 0.24790574008706553
72.5 1.0 12 0.0 0.9999999999999989 0.29786893531301256 0.1938175304026065
72.60000000000001 1.0 12 0.0 1.0 0.24930021668594968 0.16222682520051382
72.7 1.0 12 0.0 0.9999999999999993 0.2353013811338898 0.15476205038629867
72.8 1.0 12 0.0 0.9999999999999989 0.2665173710040444 0.17043551404215915
72.9 1.0 12 0.0 0.9999999999999998 0.3240578419555483 0.20695347372079456
73.0 1.0 12 0.0 0.9999999999999991 0.38948236386143686 0.2609680880116216
73.10000000000001 1.0 12 0.0 1.0000000000000004 0.45153172371531847 0.3272818828437155
73.2 1.0 12 0.0 1.0 0.5034520994893142 0.39742874011828033
73.3 1.0 12 0.0 1.0 0.5418625791236953 0.45925568027957425
73.4 1.0 12 0.0 1.0 0.5662894134202393 0.5005010030732041
73.5 1.0 12 0.0 1.0000000000000004 0.5788626855645443 0.5165994464244653
73.60000000000001 1.0 12 0.0 0.9999999999999998 0.5837671601382164 0.5150369287107611
73.7 1.0 12 0.0 0.9999999999999998 0.5860779300634805 0.5097689333153329
73.8 1.0 12 0.0 0.9999999999999996 0.5901246436423743 0.5119479770520402
73.9 1.0 12 0.0 1.0 0.5982034929431098 0.5253890247499461
74.0 1.0 12 0.0 0.9999999999999996 0.610235106522178 0.5474634261396408
74.10000000000001 1.0 12 0.0 1.0000000000000009 0.6240832860641014 0.5724549880893512
74.2 1.0 12 0.0 1.0000000000000004 0.6361459203201051 0.5944042126355317
74.3 1.0 12 0.0 0.9999999999999991 0.6422320662877871 0.6077830283528093
74.4 1.0 12 0.0 1.0 0.6387113763920973 0.6076073753569492
74.5 1.0 12 0.0 1.0000000000000004 0.6237845075378013 0.5918516074990007
74.60000000000001 1.0 12 0.0 1.0000000000000004 0.5985172204176846 0.56420861211324
74.7 1.0 12 0.0 1.0 0.5668146597737116 0.5317879557553842
74.8 1.0 12 0.0 0.9999999999999996 0.5334604020665209 0.49836041250374113
74.9 1.0 12 0.0 1.0 0.5007364046222268 0.4600004411867303
75.0 1.0 12 0.0 0.9999999999999993 0.4668062139862827 0.4082635797530787
75.10000000000001 1.0 12 0.0 1.0000000000000004 0.4246818842981856 0.33935674331751337
75.2 1.0 12 0.0 1.0 0.3670962016366904 0.2598999120169623
75.3 1.0 12 0.0 1.0000000000000004 0.29726335018143385 0.18280034133295434
75.4 1.0 12 0.0 1.0 0.22387354814215765 0.11957562761373917
75.5 1.0 12 0.0 0.9999999999999989 0.1581756513774673 0.07679671888076538
75.60000000000001 1.0 12 0.0 1.0000000000000013 0.11476821422177776 0.05664584993658153
75.7 1.0 12 0.0 0.9999999999999993 0.12061794614105108 0.058747221928619926
75.8 1.0 12 0.0 1.0 0.1684614100371701 0.08163556715719948
75.9 1.0 12 0.0 0.9999999999999996 0.2315436656822171 0.12335562984840813
76.0 1.0 12 0.0 0.9999999999999982 0.29748227573449926 0.18107481932760736
76.10000000000001 1.0 12 0.0 0.9999999999999993 0.3594410592035861 0.24983322491153445
76.2 1.0 12 0.0 0.9999999999999991 0.41368681521821954 0.321246042107769
76.3 1.0 12 0.0 0.9999999999999991 0.4586226006344885 0.3842898174572624
76.4 1.0 12 0.0 0.9999999999999996 0.4946902301178738 0.4303420188941602
76.5 1.0 12 0.0 0.9999999999999993 0.524469573377047 0.45973574682473023
76.60000000000001 1.0 12 0.0 0.9999999999999991 0.5517781220216009 0.4820026375949982
76.7 1.0 12 0.0 0.9999999999999991 0.5796047784837693 0.5084216600163538
76.80000000000001 1.0 12 0.0 0.9999999999999996 0.6084170081783801 0.5445147600681961
76.9 1.0 12 0.0 0.9999999999999993 0.6362060852064128 0.5876327498126126
77.0 1.0 12 0.0 0.9999999999999993 0.659732587215661 0.6291934430989261
77.10000000000001 1.0 12 0.0 0.9999999999999996 0.6756356722742081 0.6591926714438784
77.2 1.0 12 0.0 0.9999999999999996 0.6810038945031396 0.6699421693520362
77.30000000000001 1.0 12 0.0 0.9999999999999991 0.6737916570637285 0.6577828123766191
77.4 1.0 12 0.0 0.9999999999999989 0.6533977006867675 0.6245647516625471
77.5 1.0 12 0.0 0.9999999999999987 0.6213125726417027 0.5782867592931838
77.60000000000001 1.0 12 0.0 1.0 0.5812270720621364 0.5293849054330978
77.7 1.0 12 0.0 0.9999999999999987 0.537731049659565 0.48404442665613145
77.80000000000001 1.0 12 0.0 0.9999999999999996 0.4935878190203569 0.4401272856429755
77.9 1.0 12 0.0 0.9999999999999991 0.4475192034792254 0.3892999959314924
78.0 1.0 12 0.0 0.9999999999999993 0.39507565684498874 0.32483642377847494
78.10000000000001 1.0 12 0.0 0.9999999999999998 0.33249335598149976 0.24872907428179944
78.2 1.0 12 0.0 0.9999999999999984 0.2599464715106042 0.17076067018065447
78.30000000000001 1.0 12 0.0 0.9999999999999984 0.1821795408588487 0.10187303497963297
78.4 1.0 12 0.0 1.0 0.10817216974295348 0.04947180426017311
78.5 1.0 12 0.0 0.9999999999999989 0.04797273733460413 0.01688721383137656
78.60000000000001 1.0 12 0.0 0.999999999999998 0.015578332865225685 0.0048516890900589344
78.7 1.0 12 0.0 0.9999999999999989 0.03907763601463357 0.013042138549742012
78.80000000000001 1.0 12 0.0 1.0000000000000004 0.09304893002873044 0.04088247669048972
78.9 1.0 12 0.0 0.9999999999999987 0.16019302707407643 0.08738139646466242
79.0 1.0 12 0.0 1.0 0.23263315755242175 0.15004174978267573
79.10000000000001 1.0 12 0.0 1.0 0.30405424245398344 0.22329306058291543
79.2 1.0 12 0.0 0.9999999999999987 0.3690566518416671 0.2978480883390368
79.30000000000001 1.0 12 0.0 0.9999999999999989 0.42495072303031595 0.3633411803378628
79.4 1.0 12 0.0 0.9999999999999991 0.47288492836770873 0.41458721045971436
79.5 1.0 12 0.0 0.9999999999999993 0.5166294273230752 0.45578244808435087
79.60000000000001 1.0 12 0.0 0.9999999999999998 0.5593999978058664 0.49668108015089313
79.7 1.0 12 0.0 0.9999999999999987 0.6012484947290767 0.5442761917021627
79.80000000000001 1.0 12 0.0 1.0 0.639137696785959 0.5974594731277724
79.9 1.0 12 0.0 0.9999999999999984 0.6689873530528868 0.6473339561162755
80.0 1.0 12 0.0 0.9999999999999991 0.6875297032024514 0.68205797586434
