0.000000000000000000e+00 -0.000000000000000000e+00
2.000000000000000000e+00 2.061868296099876652e+00
4.000000000000000000e+00 4.014146730692551124e+00
6.000000000000000000e+00 5.962656623578551418e+00
8.000000000000000000e+00 7.911115011065530389e+00
1.000000000000000000e+01 9.846720521244479940e+00
1.200000000000000000e+01 1.180080314714540535e+01
1.400000000000000000e+01 1.373478715991272736e+01
1.600000000000000000e+01 1.569527485174889314e+01
1.800000000000000000e+01 1.744788124032693588e+01
2.000000000000000000e+01 1.898903375171883923e+01
2.200000000000000000e+01 1.986821712469282986e+01
2.400000000000000000e+01 1.991526319328957229e+01
2.600000000000000000e+01 1.965230265168692014e+01
2.800000000000000000e+01 1.900364657497788201e+01
3.000000000000000000e+01 1.774408441123976488e+01
3.200000000000000000e+01 1.639391775446981825e+01
3.400000000000000000e+01 1.516076067825996354e+01
3.600000000000000000e+01 1.463886815173821354e+01
3.800000000000000000e+01 1.461961349574584368e+01
4.000000000000000000e+01 1.491977404645892591e+01
4.200000000000000000e+01 1.537568540635862213e+01
4.400000000000000000e+01 1.604796061145403030e+01
4.600000000000000000e+01 1.685960086083644072e+01
4.800000000000000000e+01 1.796683011888695702e+01
5.000000000000000000e+01 1.887379229799627822e+01
5.200000000000000000e+01 1.975786432134847459e+01
5.400000000000000000e+01 2.032486076173950806e+01
5.600000000000000000e+01 2.046121874552018127e+01
5.800000000000000000e+01 2.031827706149646673e+01
6.000000000000000000e+01 2.022273583721639767e+01
6.200000000000000000e+01 1.956861011552461349e+01
6.400000000000000000e+01 1.864236387387902028e+01
6.600000000000000000e+01 1.818225635227769388e+01
6.800000000000000000e+01 1.749727896435889463e+01
7.000000000000000000e+01 1.717175847032575930e+01
7.200000000000000000e+01 1.725248290913883764e+01
7.400000000000000000e+01 1.756528162023916906e+01
7.600000000000000000e+01 1.789317214962198577e+01
7.800000000000000000e+01 1.850750720901488933e+01
8.000000000000000000e+01 1.940708201133689315e+01
8.200000000000000000e+01 2.007126073014995526e+01
8.400000000000000000e+01 2.053336633484101981e+01
8.600000000000000000e+01 2.072551138996105280e+01
8.800000000000000000e+01 2.087378979111828770e+01
9.000000000000000000e+01 2.076965051852755195e+01
9.200000000000000000e+01 2.055125152358499818e+01
9.400000000000000000e+01 1.966429089967205002e+01
9.600000000000000000e+01 1.918220149474023373e+01
9.800000000000000000e+01 1.860279628278638953e+01
1.000000000000000000e+02 1.816835926452081296e+01
1.020000000000000000e+02 1.774613291223750267e+01
1.040000000000000000e+02 1.775783286823957852e+01
1.060000000000000000e+02 1.772835718121441673e+01
1.080000000000000000e+02 1.769871438979120626e+01
1.100000000000000000e+02 1.848341648850187369e+01
1.120000000000000000e+02 1.921567114680594557e+01
1.140000000000000000e+02 1.997344265119634699e+01
1.160000000000000000e+02 2.059661418665739774e+01
1.180000000000000000e+02 2.054892647371017489e+01
1.200000000000000000e+02 2.090246109400912999e+01
1.220000000000000000e+02 2.073600480211884545e+01
1.240000000000000000e+02 2.044527635934887044e+01
1.260000000000000000e+02 2.021371035779463554e+01
1.280000000000000000e+02 2.054245606951258196e+01
