0.000000000000000000e+00 -6.661338147750937270e-16
5.000000000000000000e-01 4.627733094241492928e-01
1.000000000000000000e+00 1.062396938457130124e+00
1.500000000000000000e+00 1.655163564404327881e+00
2.000000000000000000e+00 2.149050723822964137e+00
2.500000000000000000e+00 2.641780137991671662e+00
3.000000000000000000e+00 3.210092096713675236e+00
3.500000000000000000e+00 3.778559954644609586e+00
4.000000000000000000e+00 4.359962895229060997e+00
4.500000000000000000e+00 4.940422332138499684e+00
5.000000000000000000e+00 5.207424695883267063e+00
5.500000000000000000e+00 5.104005822369490630e+00
6.000000000000000000e+00 5.314109896415502021e+00
6.500000000000000000e+00 5.466073554466327700e+00
7.000000000000000000e+00 5.330708865642898253e+00
7.500000000000000000e+00 4.903386971744945200e+00
8.000000000000000000e+00 4.623173393066284831e+00
8.500000000000000000e+00 4.188669395239636550e+00
9.000000000000000000e+00 3.723112877711364899e+00
9.500000000000000000e+00 3.682665585841313316e+00
1.000000000000000000e+01 3.845831758156760039e+00
1.050000000000000000e+01 3.918727450930754586e+00
1.100000000000000000e+01 4.017340513477501318e+00
1.150000000000000000e+01 4.090410668052439469e+00
1.200000000000000000e+01 4.417254731660551492e+00
1.250000000000000000e+01 4.786903109167208292e+00
1.300000000000000000e+01 4.940572642430903549e+00
1.350000000000000000e+01 5.112398587904939617e+00
1.400000000000000000e+01 5.136708999694613809e+00
1.450000000000000000e+01 5.092339651484505403e+00
1.500000000000000000e+01 5.248896661174402567e+00
1.550000000000000000e+01 5.482311837720709846e+00
1.600000000000000000e+01 5.560132289527906835e+00
1.650000000000000000e+01 5.494430048155831692e+00
1.700000000000000000e+01 5.308362096708717282e+00
1.750000000000000000e+01 4.999826091123017235e+00
1.800000000000000000e+01 5.102431082005970175e+00
1.850000000000000000e+01 5.150766156241878946e+00
1.900000000000000000e+01 5.072417957413416723e+00
1.950000000000000000e+01 5.041540242409216610e+00
2.000000000000000000e+01 5.032062679668145577e+00
2.050000000000000000e+01 5.257029572202710277e+00
2.100000000000000000e+01 5.403856522664364448e+00
2.150000000000000000e+01 5.515595674314449859e+00
2.200000000000000000e+01 5.480147353176010760e+00
2.250000000000000000e+01 5.421896088969939242e+00
2.300000000000000000e+01 5.252440044339233616e+00
2.350000000000000000e+01 4.983814808511952243e+00
2.400000000000000000e+01 4.799788943595594937e+00
2.450000000000000000e+01 4.587389967888775288e+00
2.500000000000000000e+01 4.411312620735098555e+00
2.550000000000000000e+01 4.231568158556391346e+00
2.600000000000000000e+01 4.073817640709281207e+00
2.650000000000000000e+01 3.778986052415453933e+00
2.700000000000000000e+01 3.966062242772985247e+00
2.750000000000000000e+01 4.295127396706130085e+00
2.800000000000000000e+01 4.491272597255146160e+00
2.850000000000000000e+01 4.468100801009991407e+00
2.900000000000000000e+01 4.641494070105889769e+00
2.950000000000000000e+01 4.824854161040129874e+00
3.000000000000000000e+01 4.951721289605096388e+00
3.050000000000000000e+01 4.776795232138985270e+00
3.100000000000000000e+01 4.732386824678793680e+00
3.150000000000000000e+01 5.029029960852167136e+00
3.200000000000000000e+01 4.845559160263168685e+00
