0.000000000000000000e+00 -8.881784197001248379e-16
5.000000000000000000e-01 4.389369279635939036e-01
1.000000000000000000e+00 1.013311339233422759e+00
1.500000000000000000e+00 1.585111049936237304e+00
2.000000000000000000e+00 2.061885916561017495e+00
2.500000000000000000e+00 2.546764518815593625e+00
3.000000000000000000e+00 3.098597603783205923e+00
3.500000000000000000e+00 3.635403308301090597e+00
4.000000000000000000e+00 4.215164058171322559e+00
4.500000000000000000e+00 4.782866669892289480e+00
5.000000000000000000e+00 5.025199908252730552e+00
5.500000000000000000e+00 4.909583963949465613e+00
6.000000000000000000e+00 5.106804865655049319e+00
6.500000000000000000e+00 5.263912294177473861e+00
7.000000000000000000e+00 5.130268757979556504e+00
7.500000000000000000e+00 4.739996213329114916e+00
8.000000000000000000e+00 4.470458213913872214e+00
8.500000000000000000e+00 4.037681688452686934e+00
9.000000000000000000e+00 3.577212605948420165e+00
9.500000000000000000e+00 3.551949473301945659e+00
1.000000000000000000e+01 3.720231024098161310e+00
1.050000000000000000e+01 3.777440439980313869e+00
1.100000000000000000e+01 3.869768616479992929e+00
1.150000000000000000e+01 3.940587101595344866e+00
1.200000000000000000e+01 4.236945590819198415e+00
1.250000000000000000e+01 4.567327355735289807e+00
1.300000000000000000e+01 4.730433772032246686e+00
1.350000000000000000e+01 4.903958386250484303e+00
1.400000000000000000e+01 4.953079609087930990e+00
1.450000000000000000e+01 4.925224696372818123e+00
1.500000000000000000e+01 5.065203608686533521e+00
1.550000000000000000e+01 5.267247596214562400e+00
1.600000000000000000e+01 5.353517350430577970e+00
1.650000000000000000e+01 5.300042223203647929e+00
1.700000000000000000e+01 5.095079152161762437e+00
1.750000000000000000e+01 4.800771957687333114e+00
1.800000000000000000e+01 4.879829563731045816e+00
1.850000000000000000e+01 4.914521515703917487e+00
1.900000000000000000e+01 4.836177560004766285e+00
1.950000000000000000e+01 4.817080707596264055e+00
2.000000000000000000e+01 4.809749673621297461e+00
2.050000000000000000e+01 5.015146277791865614e+00
2.100000000000000000e+01 5.153591701431770922e+00
2.150000000000000000e+01 5.266481539569159764e+00
2.200000000000000000e+01 5.252715934706063017e+00
2.250000000000000000e+01 5.196590734761574737e+00
2.300000000000000000e+01 5.047611517148631322e+00
2.350000000000000000e+01 4.815844773998775530e+00
2.400000000000000000e+01 4.646413503464248862e+00
2.450000000000000000e+01 4.433303879840267747e+00
2.500000000000000000e+01 4.246017389556796751e+00
2.550000000000000000e+01 4.091306732103770827e+00
2.600000000000000000e+01 3.937543769394157511e+00
2.650000000000000000e+01 3.654933297278254667e+00
2.700000000000000000e+01 3.827228495292844368e+00
2.750000000000000000e+01 4.131395147332885820e+00
2.800000000000000000e+01 4.305287536051700670e+00
2.850000000000000000e+01 4.274270187426073342e+00
2.900000000000000000e+01 4.429067948158369461e+00
2.950000000000000000e+01 4.604626223470082991e+00
3.000000000000000000e+01 4.720644408851199181e+00
3.050000000000000000e+01 4.583238431540692659e+00
3.100000000000000000e+01 4.506015606712807653e+00
3.150000000000000000e+01 4.752385502972486186e+00
3.200000000000000000e+01 4.606616983812239496e+00
