0.000000000000000000e+00 -0.000000000000000000e+00
2.250000000000000000e+00 2.304477139880265923e+00
4.500000000000000000e+00 4.508206294809574466e+00
6.750000000000000000e+00 6.694773073972979383e+00
9.000000000000000000e+00 8.884617195583961902e+00
1.125000000000000000e+01 1.107267218263158703e+01
1.350000000000000000e+01 1.324401047910775198e+01
1.575000000000000000e+01 1.543582196723295930e+01
1.800000000000000000e+01 1.759716517376632794e+01
2.025000000000000000e+01 1.954372954790115102e+01
2.250000000000000000e+01 2.101455197034106348e+01
2.475000000000000000e+01 2.237296233155603886e+01
2.700000000000000000e+01 2.293966393071287868e+01
2.925000000000000000e+01 2.260182969845303091e+01
3.150000000000000000e+01 2.141478280950493485e+01
3.375000000000000000e+01 2.003255104697072397e+01
3.600000000000000000e+01 1.844623314401372838e+01
3.825000000000000000e+01 1.710209011147183134e+01
4.050000000000000000e+01 1.657278394093740204e+01
4.275000000000000000e+01 1.650599121040162487e+01
4.500000000000000000e+01 1.682505952301759322e+01
4.725000000000000000e+01 1.738343168845104003e+01
4.950000000000000000e+01 1.806255898703489748e+01
5.175000000000000000e+01 1.898768795157872447e+01
5.400000000000000000e+01 2.001269862585118986e+01
5.625000000000000000e+01 2.104304353453357379e+01
5.850000000000000000e+01 2.188433232043068699e+01
6.075000000000000000e+01 2.244752549200530112e+01
6.300000000000000000e+01 2.271502313341007806e+01
6.525000000000000000e+01 2.284047584607686332e+01
6.750000000000000000e+01 2.289631083568901104e+01
6.975000000000000000e+01 2.198101079792926527e+01
7.200000000000000000e+01 2.103490243775871349e+01
7.425000000000000000e+01 2.019279428877304028e+01
7.650000000000000000e+01 1.962512774586312503e+01
7.875000000000000000e+01 1.933920592400070504e+01
8.100000000000000000e+01 1.955961344620049047e+01
8.325000000000000000e+01 1.979758760111447558e+01
8.550000000000000000e+01 2.036231623588621176e+01
8.775000000000000000e+01 2.104420190387222434e+01
9.000000000000000000e+01 2.239625266570363848e+01
9.225000000000000000e+01 2.247157371070063192e+01
9.450000000000000000e+01 2.270915878400519006e+01
9.675000000000000000e+01 2.311227600553704775e+01
9.900000000000000000e+01 2.332710100351895477e+01
1.012500000000000000e+02 2.359608894689402092e+01
1.035000000000000000e+02 2.318168558297740134e+01
1.057500000000000000e+02 2.296793635473430939e+01
1.080000000000000000e+02 2.229239765378223126e+01
1.102500000000000000e+02 2.111626797807013034e+01
1.125000000000000000e+02 2.054970020497804484e+01
1.147500000000000000e+02 2.024147547292429650e+01
1.170000000000000000e+02 2.014907886332124676e+01
1.192500000000000000e+02 2.036003563410040940e+01
1.215000000000000000e+02 2.060395819809673057e+01
1.237500000000000000e+02 2.103524830385295274e+01
1.260000000000000000e+02 2.160123568301470698e+01
1.282500000000000000e+02 2.228648196597681874e+01
1.305000000000000000e+02 2.298885039234915695e+01
1.327500000000000000e+02 2.313574050965592122e+01
1.350000000000000000e+02 2.371050044718137784e+01
1.372500000000000000e+02 2.399298343575547321e+01
1.395000000000000000e+02 2.410510386111110748e+01
1.417500000000000000e+02 2.344518981477780528e+01
1.440000000000000000e+02 2.315952583212749616e+01
