0.000000000000000000e+00 -0.000000000000000000e+00
2.250000000000000000e+00 2.303032953394099192e+00
4.500000000000000000e+00 4.505301254595606153e+00
6.750000000000000000e+00 6.689468319326048906e+00
9.000000000000000000e+00 8.875361376799947521e+00
1.125000000000000000e+01 1.105680732112553422e+01
1.350000000000000000e+01 1.321422750412810032e+01
1.575000000000000000e+01 1.538697091082123869e+01
1.800000000000000000e+01 1.751219147043160262e+01
2.025000000000000000e+01 1.936871037520083760e+01
2.250000000000000000e+01 2.069545386627380523e+01
2.475000000000000000e+01 2.194946591467129338e+01
2.700000000000000000e+01 2.237762595384628028e+01
2.925000000000000000e+01 2.210542978227147870e+01
3.150000000000000000e+01 2.107032945491423348e+01
3.375000000000000000e+01 1.981307350015266167e+01
3.600000000000000000e+01 1.828144956501318674e+01
3.825000000000000000e+01 1.702017354125531412e+01
4.050000000000000000e+01 1.649631728187098290e+01
4.275000000000000000e+01 1.642723278548001531e+01
4.500000000000000000e+01 1.674155477228169886e+01
4.725000000000000000e+01 1.729102850860286722e+01
4.950000000000000000e+01 1.795319959406169019e+01
5.175000000000000000e+01 1.885718293966031567e+01
5.400000000000000000e+01 1.981562529184126475e+01
5.625000000000000000e+01 2.068814162658677702e+01
5.850000000000000000e+01 2.121134183877123647e+01
6.075000000000000000e+01 2.178580949320641480e+01
6.300000000000000000e+01 2.203987930305655851e+01
6.525000000000000000e+01 2.217941716133977792e+01
6.750000000000000000e+01 2.178211100597988903e+01
6.975000000000000000e+01 2.131187153976078008e+01
7.200000000000000000e+01 2.075880089722233990e+01
7.425000000000000000e+01 1.999841397245686281e+01
7.650000000000000000e+01 1.944167915737726915e+01
7.875000000000000000e+01 1.913756068637531982e+01
8.100000000000000000e+01 1.932137178585975334e+01
8.325000000000000000e+01 1.959493691512644986e+01
8.550000000000000000e+01 2.010687422739425045e+01
8.775000000000000000e+01 2.069138513183271399e+01
9.000000000000000000e+01 2.153671995485282054e+01
9.225000000000000000e+01 2.193608393191179218e+01
9.450000000000000000e+01 2.216358952277024130e+01
9.675000000000000000e+01 2.242721853655065800e+01
9.900000000000000000e+01 2.255992068809559115e+01
1.012500000000000000e+02 2.260804969370431294e+01
1.035000000000000000e+02 2.226027391223887264e+01
1.057500000000000000e+02 2.202551659828947095e+01
1.080000000000000000e+02 2.120390752670595802e+01
1.102500000000000000e+02 2.049549228720415783e+01
1.125000000000000000e+02 2.002428910703052978e+01
1.147500000000000000e+02 1.985449235471547880e+01
1.170000000000000000e+02 1.984076159129614325e+01
1.192500000000000000e+02 2.012474083792406887e+01
1.215000000000000000e+02 2.036586045577760373e+01
1.237500000000000000e+02 2.078805072107974183e+01
1.260000000000000000e+02 2.120846649280541740e+01
1.282500000000000000e+02 2.176556310335871558e+01
1.305000000000000000e+02 2.251735316037141033e+01
1.327500000000000000e+02 2.248729745417831793e+01
1.350000000000000000e+02 2.312245682444545025e+01
1.372500000000000000e+02 2.321119779875316880e+01
1.395000000000000000e+02 2.314698528358337626e+01
1.417500000000000000e+02 2.274699623265533788e+01
1.440000000000000000e+02 2.254606497715998970e+01
