0.000000000000000000e+00 -0.000000000000000000e+00
2.250000000000000000e+00 2.303754785927879301e+00
4.500000000000000000e+00 4.506752719795629858e+00
6.750000000000000000e+00 6.692117179100905311e+00
9.000000000000000000e+00 8.879978577457510625e+00
1.125000000000000000e+01 1.106470829047967719e+01
1.350000000000000000e+01 1.322900811751584627e+01
1.575000000000000000e+01 1.541109816546991595e+01
1.800000000000000000e+01 1.755377602722798969e+01
2.025000000000000000e+01 1.945239587473082210e+01
2.250000000000000000e+01 2.084232860478507021e+01
2.475000000000000000e+01 2.213896102696789114e+01
2.700000000000000000e+01 2.261966812796138981e+01
2.925000000000000000e+01 2.232313927725688529e+01
3.150000000000000000e+01 2.122779786290724857e+01
3.375000000000000000e+01 1.991680302104596478e+01
3.600000000000000000e+01 1.836045098429329769e+01
3.825000000000000000e+01 1.706029327022240594e+01
4.050000000000000000e+01 1.653381989565976795e+01
4.275000000000000000e+01 1.646583683706596446e+01
4.500000000000000000e+01 1.678243577035408052e+01
4.725000000000000000e+01 1.733616318456030569e+01
4.950000000000000000e+01 1.800638510029411421e+01
5.175000000000000000e+01 1.892030800994127659e+01
5.400000000000000000e+01 1.990931505735097673e+01
5.625000000000000000e+01 2.084993010168149041e+01
5.850000000000000000e+01 2.149225976738500421e+01
6.075000000000000000e+01 2.206290435596496025e+01
6.300000000000000000e+01 2.232152417365676556e+01
6.525000000000000000e+01 2.245628825596411460e+01
6.750000000000000000e+01 2.219145028000995268e+01
6.975000000000000000e+01 2.159148675935349004e+01
7.200000000000000000e+01 2.088735277429498183e+01
7.425000000000000000e+01 2.009088858397897326e+01
7.650000000000000000e+01 1.952920266404210281e+01
7.875000000000000000e+01 1.923330929262753486e+01
8.100000000000000000e+01 1.943341444585710320e+01
8.325000000000000000e+01 1.969113760555465831e+01
8.550000000000000000e+01 2.022646098341535037e+01
8.775000000000000000e+01 2.085231359916398830e+01
9.000000000000000000e+01 2.187684695468974283e+01
9.225000000000000000e+01 2.216840540177655683e+01
9.450000000000000000e+01 2.239962089402358458e+01
9.675000000000000000e+01 2.271219676046255032e+01
9.900000000000000000e+01 2.287167658262313097e+01
1.012500000000000000e+02 2.298470435701860026e+01
1.035000000000000000e+02 2.261840930760645563e+01
1.057500000000000000e+02 2.238958757282922463e+01
1.080000000000000000e+02 2.160683247276980268e+01
1.102500000000000000e+02 2.075846397759366369e+01
1.125000000000000000e+02 2.025287731163641070e+01
1.147500000000000000e+02 2.002938007548541322e+01
1.170000000000000000e+02 1.998308455280244189e+01
1.192500000000000000e+02 2.023548368643082185e+01
1.215000000000000000e+02 2.047783968571335222e+01
1.237500000000000000e+02 2.090403055102044405e+01
1.260000000000000000e+02 2.138569032382336488e+01
1.282500000000000000e+02 2.199247969102755818e+01
1.305000000000000000e+02 2.272556672376343201e+01
1.327500000000000000e+02 2.275985501017965262e+01
1.350000000000000000e+02 2.337386301580180614e+01
1.372500000000000000e+02 2.352756183078761865e+01
1.395000000000000000e+02 2.351543358563255026e+01
1.417500000000000000e+02 2.303635761097556056e+01
1.440000000000000000e+02 2.280647327627714915e+01
