0.000000000000000000e+00 -0.000000000000000000e+00
2.000000000000000000e+00 2.063179240942107473e+00
4.000000000000000000e+00 4.016662924815485702e+00
6.000000000000000000e+00 5.967056008038437831e+00
8.000000000000000000e+00 7.918398296659818314e+00
1.000000000000000000e+01 9.858749239539392306e+00
1.200000000000000000e+01 1.181968944418435363e+01
1.400000000000000000e+01 1.376938212517126736e+01
1.600000000000000000e+01 1.573578973383427737e+01
1.800000000000000000e+01 1.751506812187282591e+01
2.000000000000000000e+01 1.908876101205530773e+01
2.200000000000000000e+01 2.018405705998000599e+01
2.400000000000000000e+01 2.056067541280665267e+01
2.600000000000000000e+01 2.033893369069675217e+01
2.800000000000000000e+01 1.938175117139943993e+01
3.000000000000000000e+01 1.786937850918883797e+01
3.200000000000000000e+01 1.646622120151912227e+01
3.400000000000000000e+01 1.521139455264767726e+01
3.600000000000000000e+01 1.468744533160813859e+01
3.800000000000000000e+01 1.467341486610186863e+01
4.000000000000000000e+01 1.496590110796823936e+01
4.200000000000000000e+01 1.543137805362980686e+01
4.400000000000000000e+01 1.611428998966710324e+01
4.600000000000000000e+01 1.693128651719019118e+01
4.800000000000000000e+01 1.804132448714662829e+01
5.000000000000000000e+01 1.897120904885803938e+01
5.200000000000000000e+01 1.993700725067569834e+01
5.400000000000000000e+01 2.060086527443028004e+01
5.600000000000000000e+01 2.076531493380221960e+01
5.800000000000000000e+01 2.077250577921450869e+01
6.000000000000000000e+01 2.063918401655168822e+01
6.200000000000000000e+01 1.980366274054705045e+01
6.400000000000000000e+01 1.886503737923102264e+01
6.600000000000000000e+01 1.837601635148359591e+01
6.800000000000000000e+01 1.769419528000925013e+01
7.000000000000000000e+01 1.735861583978518041e+01
7.200000000000000000e+01 1.745611293162216171e+01
7.400000000000000000e+01 1.774858345103859136e+01
7.600000000000000000e+01 1.812470531595559464e+01
7.800000000000000000e+01 1.877017625573985171e+01
8.000000000000000000e+01 1.955883621966012953e+01
8.200000000000000000e+01 2.023940785138626808e+01
8.400000000000000000e+01 2.074327639465098727e+01
8.600000000000000000e+01 2.109953350641948333e+01
8.800000000000000000e+01 2.121571484490439019e+01
9.000000000000000000e+01 2.113200286330930666e+01
9.200000000000000000e+01 2.143167314016893599e+01
9.400000000000000000e+01 2.003455077797307027e+01
9.600000000000000000e+01 1.946808974148975224e+01
9.800000000000000000e+01 1.877189580533445579e+01
1.000000000000000000e+02 1.832366518220838358e+01
1.020000000000000000e+02 1.786648369397330072e+01
1.040000000000000000e+02 1.787215934140051488e+01
1.060000000000000000e+02 1.790660116168173488e+01
1.080000000000000000e+02 1.796306685062346276e+01
1.100000000000000000e+02 1.868854139559149630e+01
1.120000000000000000e+02 1.938650358819292663e+01
1.140000000000000000e+02 2.013413435119553796e+01
1.160000000000000000e+02 2.081875749924846630e+01
1.180000000000000000e+02 2.074285031477228713e+01
1.200000000000000000e+02 2.112647344830361007e+01
1.220000000000000000e+02 2.100560217163461019e+01
1.240000000000000000e+02 2.124330268845336178e+01
1.260000000000000000e+02 2.095313365458016364e+01
1.280000000000000000e+02 2.108089098828865104e+01
