0.000000000000000000e+00 -1.110223024625155949e-15
5.000000000000000000e-01 4.156555167653989691e-01
1.000000000000000000e+00 9.665228219959143274e-01
1.500000000000000000e+00 1.519646261378770680e+00
2.000000000000000000e+00 1.981713401656847173e+00
2.500000000000000000e+00 2.459998675313083805e+00
3.000000000000000000e+00 2.998296551350024153e+00
3.500000000000000000e+00 3.510197494792970829e+00
4.000000000000000000e+00 4.088704392281599986e+00
4.500000000000000000e+00 4.646789127429912902e+00
5.000000000000000000e+00 4.871118354990161770e+00
5.500000000000000000e+00 4.746878985707849274e+00
6.000000000000000000e+00 4.935183428004329187e+00
6.500000000000000000e+00 5.095827579996926815e+00
7.000000000000000000e+00 4.963374342176321896e+00
7.500000000000000000e+00 4.599590363838996332e+00
8.000000000000000000e+00 4.338004800724808874e+00
8.500000000000000000e+00 3.906529108348721024e+00
9.000000000000000000e+00 3.449913999197353753e+00
9.500000000000000000e+00 3.436361592675643895e+00
1.000000000000000000e+01 3.608660057535731269e+00
1.050000000000000000e+01 3.653666568843366935e+00
1.100000000000000000e+01 3.741199870357251545e+00
1.150000000000000000e+01 3.810313376043390932e+00
1.200000000000000000e+01 4.084234834484787413e+00
1.250000000000000000e+01 4.387391422312009404e+00
1.300000000000000000e+01 4.556876919645003632e+00
1.350000000000000000e+01 4.731560557595155814e+00
1.400000000000000000e+01 4.797995808345731028e+00
1.450000000000000000e+01 4.782079216757979978e+00
1.500000000000000000e+01 4.910074439433723015e+00
1.550000000000000000e+01 5.090348739388284471e+00
1.600000000000000000e+01 5.182368621495762717e+00
1.650000000000000000e+01 5.137361058315073059e+00
1.700000000000000000e+01 4.919385768413897075e+00
1.750000000000000000e+01 4.634838564172051534e+00
1.800000000000000000e+01 4.697869525587576867e+00
1.850000000000000000e+01 4.723560292869889210e+00
1.900000000000000000e+01 4.645219105097790901e+00
1.950000000000000000e+01 4.633882789604201413e+00
2.000000000000000000e+01 4.627982197145220411e+00
2.050000000000000000e+01 4.820523857240383236e+00
2.100000000000000000e+01 4.953589511783477839e+00
2.150000000000000000e+01 5.067213555783974144e+00
2.200000000000000000e+01 5.067545980198898015e+00
2.250000000000000000e+01 5.012830568009199794e+00
2.300000000000000000e+01 4.877689027278907297e+00
2.350000000000000000e+01 4.672072766608494021e+00
2.400000000000000000e+01 4.513463935270643823e+00
2.450000000000000000e+01 4.299820933787894539e+00
2.500000000000000000e+01 4.104208340785554299e+00
2.550000000000000000e+01 3.968320361186048473e+00
2.600000000000000000e+01 3.817632882473259048e+00
2.650000000000000000e+01 3.544585155889059092e+00
2.700000000000000000e+01 3.705340755993384860e+00
2.750000000000000000e+01 3.990737348543516472e+00
2.800000000000000000e+01 4.148528260168317772e+00
2.850000000000000000e+01 4.111979101546634041e+00
2.900000000000000000e+01 4.253955693873320065e+00
2.950000000000000000e+01 4.424253142576159981e+00
3.000000000000000000e+01 4.533068716808852372e+00
3.050000000000000000e+01 4.421139165474299304e+00
3.100000000000000000e+01 4.321548045344423272e+00
3.150000000000000000e+01 4.535923475675037508e+00
3.200000000000000000e+01 4.413899992938082661e+00
