0.000000000000000000e+00 -0.000000000000000000e+00
2.000000000000000000e+00 2.060559067584260884e+00
4.000000000000000000e+00 4.011636851915168833e+00
6.000000000000000000e+00 5.958276508957803586e+00
8.000000000000000000e+00 7.903884388392309113e+00
1.000000000000000000e+01 9.834834774946889624e+00
1.200000000000000000e+01 1.178226694062197133e+01
1.400000000000000000e+01 1.370134909487028096e+01
1.600000000000000000e+01 1.565633771073567360e+01
1.800000000000000000e+01 1.738492564035599131e+01
2.000000000000000000e+01 1.889835631994468912e+01
2.200000000000000000e+01 1.962855173862839564e+01
2.400000000000000000e+01 1.952622989124970587e+01
2.600000000000000000e+01 1.924901906062047274e+01
2.800000000000000000e+01 1.872993070124836024e+01
3.000000000000000000e+01 1.763275540271946085e+01
3.200000000000000000e+01 1.632649144307197275e+01
3.400000000000000000e+01 1.511256750710469277e+01
3.600000000000000000e+01 1.459254179756564795e+01
3.800000000000000000e+01 1.456855952762470352e+01
4.000000000000000000e+01 1.487568120299556718e+01
4.200000000000000000e+01 1.532293148406720107e+01
4.400000000000000000e+01 1.598575848063492622e+01
4.600000000000000000e+01 1.679271208645697300e+01
4.800000000000000000e+01 1.789750249150103656e+01
5.000000000000000000e+01 1.878502882865574364e+01
5.200000000000000000e+01 1.960599029159477880e+01
5.400000000000000000e+01 2.010878976728153233e+01
5.600000000000000000e+01 2.022835451054723777e+01
5.800000000000000000e+01 2.000707684283268861e+01
6.000000000000000000e+01 1.992960713586122523e+01
6.200000000000000000e+01 1.937842724574508324e+01
6.400000000000000000e+01 1.846035580385098740e+01
6.600000000000000000e+01 1.802001472678673011e+01
6.800000000000000000e+01 1.733283234748828150e+01
7.000000000000000000e+01 1.701438047431701150e+01
7.200000000000000000e+01 1.708338517777847798e+01
7.400000000000000000e+01 1.741043133255609021e+01
7.600000000000000000e+01 1.770529636586954325e+01
7.800000000000000000e+01 1.829967740248677899e+01
8.000000000000000000e+01 1.927535174877654711e+01
8.200000000000000000e+01 1.992735908499050268e+01
8.400000000000000000e+01 2.035996540995837023e+01
8.600000000000000000e+01 2.045392950503640250e+01
8.800000000000000000e+01 2.061945881855085005e+01
9.000000000000000000e+01 2.050424249070222160e+01
9.200000000000000000e+01 2.009041987186299139e+01
9.400000000000000000e+01 1.939468739958205390e+01
9.600000000000000000e+01 1.896013578543110611e+01
9.800000000000000000e+01 1.845819810594703370e+01
1.000000000000000000e+02 1.803396231847330000e+01
1.020000000000000000e+02 1.763872293636727306e+01
1.040000000000000000e+02 1.765524623086465184e+01
1.060000000000000000e+02 1.757712926919463214e+01
1.080000000000000000e+02 1.748983440664103739e+01
1.100000000000000000e+02 1.831329030011987058e+01
1.120000000000000000e+02 1.906980855331818958e+01
1.140000000000000000e+02 1.983503341889907290e+01
1.160000000000000000e+02 2.041496001193246812e+01
1.180000000000000000e+02 2.038657009765671191e+01
1.200000000000000000e+02 2.071956075428884247e+01
1.220000000000000000e+02 2.052387117101447345e+01
1.240000000000000000e+02 2.000716122357251336e+01
1.260000000000000000e+02 1.979328383065164587e+01
1.280000000000000000e+02 2.019438070657075102e+01
