0.000000000000000000e+00 0.000000000000000000e+00
7.812500000000000000e-03 9.720776178717693838e-03
1.562500000000000000e-02 1.987094376644105154e-02
2.343750000000000000e-02 2.986362116470209216e-02
3.125000000000000000e-02 3.974948434249037099e-02
3.906250000000000000e-02 4.969650934152169963e-02
4.687500000000000000e-02 5.968950558378494087e-02
5.468750000000000000e-02 6.963125935725389404e-02
6.250000000000000000e-02 7.955008081178749357e-02
7.031250000000000000e-02 8.951129483452047175e-02
7.812500000000000000e-02 9.947947455102157388e-02
8.593750000000000000e-02 1.094116997667565760e-01
9.375000000000000000e-02 1.193469615419735508e-01
1.015625000000000000e-01 1.293110944577977595e-01
1.093750000000000000e-01 1.392649696717034313e-01
1.171875000000000000e-01 1.491966696002009485e-01
1.250000000000000000e-01 1.591430050322826251e-01
1.328125000000000000e-01 1.691047192017782752e-01
1.406250000000000000e-01 1.790493110810620347e-01
1.484375000000000000e-01 1.889848004671603743e-01
1.562500000000000000e-01 1.989380173783700245e-01
1.640625000000000000e-01 2.088945365335049820e-01
1.718750000000000000e-01 2.188340747146211296e-01
1.796875000000000000e-01 2.287752415618196089e-01
1.875000000000000000e-01 2.387314277367267312e-01
1.953125000000000000e-01 2.486819415755586737e-01
2.031250000000000000e-01 2.586201872363826926e-01
2.109375000000000000e-01 2.685670530952404267e-01
2.187500000000000000e-01 2.785228581438583539e-01
2.265625000000000000e-01 2.884681499270138616e-01
2.343750000000000000e-01 2.984080406302472843e-01
2.421875000000000000e-01 3.083592393928090702e-01
2.500000000000000000e-01 3.183123094390785113e-01
2.578125000000000000e-01 3.282542425415753140e-01
2.656250000000000000e-01 3.381975357257999137e-01
2.734375000000000000e-01 3.481509178139123861e-01
2.812500000000000000e-01 3.569801836391726102e-01
2.890625000000000000e-01 3.665455340036100074e-01
2.968750000000000000e-01 3.757381379621156370e-01
3.046875000000000000e-01 3.849766851601004181e-01
3.125000000000000000e-01 3.946039037250440584e-01
3.203125000000000000e-01 4.042253015476739986e-01
3.281250000000000000e-01 4.137600814547925943e-01
3.359375000000000000e-01 4.230395327387190818e-01
3.437500000000000000e-01 4.321189769453286367e-01
3.515625000000000000e-01 4.408886026098235433e-01
3.593750000000000000e-01 4.486485204774308677e-01
3.671875000000000000e-01 4.539567312756190853e-01
3.750000000000000000e-01 4.563701398693568168e-01
3.828125000000000000e-01 4.568393161725493590e-01
3.906250000000000000e-01 4.559412360345480586e-01
3.984375000000000000e-01 4.537880738607273923e-01
4.062500000000000000e-01 4.505817320804874626e-01
4.140625000000000000e-01 4.465114067262436759e-01
4.218750000000000000e-01 4.415442451674582713e-01
4.296875000000000000e-01 4.360643717950238862e-01
4.375000000000000000e-01 4.300386015724430022e-01
4.453125000000000000e-01 4.233034941171818222e-01
4.531250000000000000e-01 4.162618761438690029e-01
4.609375000000000000e-01 4.085634621593774440e-01
4.687500000000000000e-01 4.004665706536166825e-01
4.765625000000000000e-01 3.919755477577443470e-01
4.843750000000000000e-01 3.828833823357546962e-01
4.921875000000000000e-01 3.733533441172927070e-01
5.000000000000000000e-01 3.636303203712165644e-01
5.078125000000000000e-01 3.550071930808941234e-01
5.156250000000000000e-01 3.483921791006744373e-01
5.234375000000000000e-01 3.440298693653039974e-01
5.312500000000000000e-01 3.400369545591830356e-01
5.390625000000000000e-01 3.370970834973123775e-01
5.468750000000000000e-01 3.347257815135638026e-01
5.546875000000000000e-01 3.329530409464245277e-01
5.625000000000000000e-01 3.317642844206523112e-01
5.703125000000000000e-01 3.310093628919329456e-01
5.781250000000000000e-01 3.306688843672374034e-01
5.859375000000000000e-01 3.308573964085071983e-01
5.937500000000000000e-01 3.313246231011313103e-01
6.015625000000000000e-01 3.321213390959416589e-01
6.093750000000000000e-01 3.333883987648378344e-01
6.171875000000000000e-01 3.348851637676354409e-01
6.250000000000000000e-01 3.365627335956260513e-01
6.328125000000000000e-01 3.386173377245396132e-01
6.406250000000000000e-01 3.409643147462284585e-01
6.484375000000000000e-01 3.435111347826078632e-01
6.562500000000000000e-01 3.462171742102524430e-01
6.640625000000000000e-01 3.491859349989461236e-01
6.718750000000000000e-01 3.524185643095272269e-01
6.796875000000000000e-01 3.557859428013361303e-01
6.875000000000000000e-01 3.593306157399712708e-01
6.953125000000000000e-01 3.630268167193572149e-01
7.031250000000000000e-01 3.669502589900621725e-01
7.109375000000000000e-01 3.710570152451957426e-01
7.187500000000000000e-01 3.752257359000019665e-01
7.265625000000000000e-01 3.796160656862734850e-01
7.343750000000000000e-01 3.840567604505946697e-01
7.421875000000000000e-01 3.886859466760854698e-01
7.500000000000000000e-01 3.935058960086037505e-01
7.578125000000000000e-01 3.984176113148296672e-01
7.656250000000000000e-01 4.033971008138071968e-01
7.734375000000000000e-01 4.085847926988624979e-01
7.812500000000000000e-01 4.137765921724687601e-01
7.890625000000000000e-01 4.190916412601806140e-01
7.968750000000000000e-01 4.245625426723766971e-01
8.046875000000000000e-01 4.298244646794200374e-01
8.125000000000000000e-01 4.353478712243181725e-01
8.203125000000000000e-01 4.409167620957407108e-01
8.281250000000000000e-01 4.456258414305575011e-01
8.359375000000000000e-01 4.509653573685573624e-01
8.437500000000000000e-01 4.556296189717943257e-01
8.515625000000000000e-01 4.602847107468287513e-01
8.593750000000000000e-01 4.642335292761776699e-01
8.671875000000000000e-01 4.670086061881753015e-01
8.750000000000000000e-01 4.683722991141434644e-01
8.828125000000000000e-01 4.688863442798407721e-01
8.906250000000000000e-01 4.682490492698883067e-01
8.984375000000000000e-01 4.665094669328933019e-01
9.062500000000000000e-01 4.643275210495689809e-01
9.140625000000000000e-01 4.614201111613265294e-01
9.218750000000000000e-01 4.582507333737282362e-01
9.296875000000000000e-01 4.545573035284427021e-01
9.375000000000000000e-01 4.503656029249202275e-01
9.453125000000000000e-01 4.459488682742697163e-01
9.531250000000000000e-01 4.411310230206888505e-01
9.609375000000000000e-01 4.357615639521434936e-01
9.687500000000000000e-01 4.301844185994470049e-01
9.765625000000000000e-01 4.243591047554656770e-01
9.843750000000000000e-01 4.179501169772961156e-01
9.921875000000000000e-01 4.111569187158808925e-01
1.000000000000000000e+00 4.044267192881931816e-01
1.007812500000000000e+00 3.979581372398544037e-01
1.015625000000000000e+00 3.926437736061413331e-01
1.023437500000000000e+00 3.891719494575710536e-01
1.031250000000000000e+00 3.863949164903950351e-01
1.039062500000000000e+00 3.838214406687465718e-01
1.046875000000000000e+00 3.817720072438453016e-01
1.054687500000000000e+00 3.803316765419244572e-01
1.062500000000000000e+00 3.791207939458036691e-01
1.070312500000000000e+00 3.783841077886915816e-01
1.078125000000000000e+00 3.778309557977562738e-01
1.085937500000000000e+00 3.775753249268722911e-01
1.093750000000000000e+00 3.776852640562575747e-01
1.101562500000000000e+00 3.781122885621610585e-01
1.109375000000000000e+00 3.787622241937776968e-01
1.117187500000000000e+00 3.796098515006460783e-01
1.125000000000000000e+00 3.806468997716760949e-01
1.132812500000000000e+00 3.819478820992396884e-01
1.140625000000000000e+00 3.833832331210849098e-01
1.148437500000000000e+00 3.850537627044602340e-01
1.156250000000000000e+00 3.868943652312397674e-01
1.164062500000000000e+00 3.890221399185271878e-01
1.171875000000000000e+00 3.912939311681149501e-01
1.179687500000000000e+00 3.936232372921598666e-01
1.187500000000000000e+00 3.960408268066554216e-01
1.195312500000000000e+00 3.987256604031699236e-01
1.203125000000000000e+00 4.014383608869105391e-01
1.210937500000000000e+00 4.043243929506813439e-01
1.218750000000000000e+00 4.073747752582963511e-01
1.226562500000000000e+00 4.105435949270755946e-01
1.234375000000000000e+00 4.138000189137935880e-01
1.242187500000000000e+00 4.171827056075815277e-01
1.250000000000000000e+00 4.208292237408648440e-01
1.257812500000000000e+00 4.242741568662884433e-01
1.265625000000000000e+00 4.268544592709204721e-01
1.273437500000000000e+00 4.297784199447023390e-01
1.281250000000000000e+00 4.326450628001565768e-01
1.289062500000000000e+00 4.366979065574706498e-01
1.296875000000000000e+00 4.404434183981023043e-01
1.304687500000000000e+00 4.439316051050841150e-01
1.312500000000000000e+00 4.477561296599840146e-01
1.320312500000000000e+00 4.516805205126337430e-01
1.328125000000000000e+00 4.556914970833112477e-01
1.335937500000000000e+00 4.591491842572460458e-01
1.343750000000000000e+00 4.624769341713319548e-01
1.351562500000000000e+00 4.651981406243097528e-01
1.359375000000000000e+00 4.683015628261095742e-01
1.367187500000000000e+00 4.707607279967289671e-01
1.375000000000000000e+00 4.717844130574735395e-01
1.382812500000000000e+00 4.723381089813554201e-01
1.390625000000000000e+00 4.715974531055253660e-01
1.398437500000000000e+00 4.709701177684315621e-01
1.406250000000000000e+00 4.694391182426308484e-01
1.414062500000000000e+00 4.672541098331858267e-01
1.421875000000000000e+00 4.643838391686874179e-01
1.429687500000000000e+00 4.615779368188176468e-01
1.437500000000000000e+00 4.583150695901163640e-01
1.445312500000000000e+00 4.545194923160089662e-01
1.453125000000000000e+00 4.503103808575608102e-01
1.460937500000000000e+00 4.461926757891319095e-01
1.468750000000000000e+00 4.417377906190391723e-01
1.476562500000000000e+00 4.365375990315357724e-01
1.484375000000000000e+00 4.312057034931552346e-01
1.492187500000000000e+00 4.258284893283438288e-01
1.500000000000000000e+00 4.202844794591826805e-01
1.507812500000000000e+00 4.149320818253576793e-01
1.515625000000000000e+00 4.101255553856515412e-01
1.523437500000000000e+00 4.062923705510841366e-01
1.531250000000000000e+00 4.039144613007881190e-01
1.539062500000000000e+00 4.017802419752760645e-01
1.546875000000000000e+00 3.998970660575216218e-01
1.554687500000000000e+00 3.981905438308133149e-01
1.562500000000000000e+00 3.972371635551199542e-01
1.570312500000000000e+00 3.964850088137874540e-01
1.578125000000000000e+00 3.959559116067146167e-01
1.585937500000000000e+00 3.955445357460352085e-01
1.593750000000000000e+00 3.953446096483733685e-01
1.601562500000000000e+00 3.955358739752294905e-01
1.609375000000000000e+00 3.957836959249543263e-01
1.617187500000000000e+00 3.963718415616143131e-01
1.625000000000000000e+00 3.971980117049171977e-01
1.632812500000000000e+00 3.980621533515658061e-01
1.640625000000000000e+00 3.991374620908094695e-01
1.648437500000000000e+00 4.004122557033302776e-01
1.656250000000000000e+00 4.018672411773982489e-01
1.664062500000000000e+00 4.034375819971562915e-01
1.671875000000000000e+00 4.050765477250578561e-01
1.679687500000000000e+00 4.068516752386334145e-01
1.687500000000000000e+00 4.089045730278664248e-01
1.695312500000000000e+00 4.108769076154883404e-01
1.703125000000000000e+00 4.132582274520990584e-01
1.710937500000000000e+00 4.155485654485020497e-01
1.718750000000000000e+00 4.179977734413233836e-01
1.726562500000000000e+00 4.205081707493314447e-01
1.734375000000000000e+00 4.231091128426559544e-01
1.742187500000000000e+00 4.260623477357204925e-01
1.750000000000000000e+00 4.288331637568506549e-01
1.757812500000000000e+00 4.320449181875763989e-01
1.765625000000000000e+00 4.350039446473922267e-01
1.773437500000000000e+00 4.372435286604064997e-01
1.781250000000000000e+00 4.402282164914153029e-01
1.789062500000000000e+00 4.429573511675879427e-01
1.796875000000000000e+00 4.465786567903418103e-01
1.804687500000000000e+00 4.498479239510584371e-01
1.812500000000000000e+00 4.526002491387779436e-01
1.820312500000000000e+00 4.560769525603420860e-01
1.828125000000000000e+00 4.594340985477239903e-01
1.835937500000000000e+00 4.621603587580492833e-01
1.843750000000000000e+00 4.654120634662515243e-01
1.851562500000000000e+00 4.674121642042690095e-01
1.859375000000000000e+00 4.701770345118578831e-01
1.867187500000000000e+00 4.724050174067966346e-01
1.875000000000000000e+00 4.736945127676923661e-01
1.882812500000000000e+00 4.741210437972434022e-01
1.890625000000000000e+00 4.751372630563254207e-01
1.898437500000000000e+00 4.747692205029367951e-01
1.906250000000000000e+00 4.735392227046588687e-01
1.914062500000000000e+00 4.716745506892763284e-01
1.921875000000000000e+00 4.699913317937388646e-01
1.929687500000000000e+00 4.673498446535676587e-01
1.937500000000000000e+00 4.646019325820029966e-01
1.945312500000000000e+00 4.621223915386729608e-01
1.953125000000000000e+00 4.586720421819838744e-01
1.960937500000000000e+00 4.549647120412750878e-01
1.968750000000000000e+00 4.511068492937032604e-01
1.976562500000000000e+00 4.467753400813447850e-01
1.984375000000000000e+00 4.422453709142146749e-01
1.992187500000000000e+00 4.377712386796150934e-01
2.000000000000000000e+00 4.330268463052595607e-01
