0.000000000000000000e+00 2.197224577336220008e+00
1.000000000000000056e-01 2.216832120256157612e+00
2.000000000000000111e-01 2.271279022091571509e+00
3.000000000000000444e-01 2.349544164257210355e+00
4.000000000000000222e-01 2.438456542607555733e+00
5.000000000000000000e-01 2.526427284730365930e+00
6.000000000000000888e-01 2.605074423143420415e+00
7.000000000000000666e-01 2.669258999709382962e+00
8.000000000000000444e-01 2.716478117452687524e+00
9.000000000000000222e-01 2.746214062745666151e+00
1.000000000000000000e+00 2.759462919197241959e+00
1.100000000000000089e+00 2.758459304383303667e+00
1.200000000000000178e+00 2.746522238781297531e+00
1.300000000000000044e+00 2.727900318157558956e+00
1.400000000000000133e+00 2.707468835940923135e+00
1.500000000000000000e+00 2.690152230367924169e+00
1.600000000000000089e+00 2.680059942225043734e+00
1.700000000000000178e+00 2.679533792524076308e+00
1.800000000000000044e+00 2.688487347631910218e+00
1.900000000000000133e+00 2.704377000950691112e+00
2.000000000000000000e+00 2.722839887297992867e+00
2.100000000000000089e+00 2.738697613451419155e+00
2.200000000000000178e+00 2.746924912364304916e+00
2.300000000000000266e+00 2.743333493734213757e+00
2.400000000000000355e+00 2.724938174850575656e+00
2.500000000000000000e+00 2.690106023870444396e+00
2.600000000000000089e+00 2.638619659914732907e+00
2.700000000000000178e+00 2.571757555605011625e+00
2.800000000000000266e+00 2.492442602152118880e+00
2.900000000000000355e+00 2.405438234843548351e+00
3.000000000000000000e+00 2.317461180092688089e+00
3.100000000000000089e+00 2.236931335077832372e+00
3.200000000000000178e+00 2.172984490546337355e+00
3.300000000000000266e+00 2.133566447105690322e+00
3.400000000000000355e+00 2.123084089302778921e+00
3.500000000000000000e+00 2.140817756622657164e+00
3.600000000000000089e+00 2.181157464012640101e+00
3.700000000000000178e+00 2.235513774636957773e+00
3.800000000000000266e+00 2.294698412169247526e+00
3.900000000000000355e+00 2.350674211527579605e+00
4.000000000000000000e+00 2.397362158843368451e+00
4.100000000000000533e+00 2.430763717024697179e+00
4.200000000000000178e+00 2.448769474758442755e+00
4.299999999999999822e+00 2.450905663174374194e+00
4.400000000000000355e+00 2.438128427661074404e+00
4.500000000000000000e+00 2.412680225558465619e+00
4.600000000000000533e+00 2.377966168315089668e+00
4.700000000000000178e+00 2.338372053523354754e+00
4.800000000000000711e+00 2.298927785559464532e+00
4.900000000000000355e+00 2.264739776775249958e+00
5.000000000000000000e+00 2.240202601291353623e+00
5.100000000000000533e+00 2.228149360778935772e+00
5.200000000000000178e+00 2.229229342578436412e+00
5.300000000000000711e+00 2.241782214971479448e+00
5.400000000000000355e+00 2.262273120133164728e+00
5.500000000000000000e+00 2.286101343728974555e+00
5.600000000000000533e+00 2.308484830390437281e+00
5.700000000000000178e+00 2.325198169187813857e+00
5.800000000000000711e+00 2.333096024949938396e+00
5.900000000000000355e+00 2.330469924794414283e+00
6.000000000000000000e+00 2.317321631197443832e+00
6.100000000000000533e+00 2.295602226919021049e+00
6.200000000000000178e+00 2.269379225236763720e+00
6.300000000000000711e+00 2.244766936465753204e+00
6.400000000000000355e+00 2.229336645503975145e+00
6.500000000000000000e+00 2.230756537286200825e+00
6.600000000000000533e+00 2.254785048777309786e+00
6.700000000000000178e+00 2.303378802667973346e+00
6.800000000000000711e+00 2.373970569209699288e+00
6.900000000000000355e+00 2.460356628982534488e+00
7.000000000000000000e+00 2.554572074373132384e+00
7.100000000000000533e+00 2.648697126431870608e+00
7.200000000000000178e+00 2.735961100755400999e+00
7.300000000000000711e+00 2.811129367098674336e+00
7.400000000000000355e+00 2.870460828386145025e+00
7.500000000000000000e+00 2.911519865995960021e+00
7.600000000000000533e+00 2.933014943511457862e+00
7.700000000000000178e+00 2.934737629367558220e+00
7.800000000000000711e+00 2.917615856427653753e+00
7.900000000000000355e+00 2.883856520324072470e+00
8.000000000000000000e+00 2.837110214318887103e+00
8.099999999999999645e+00 2.782528665616843533e+00
8.200000000000001066e+00 2.726514655037978407e+00
8.300000000000000711e+00 2.675952784232896953e+00
8.400000000000000355e+00 2.636877174855305483e+00
8.500000000000000000e+00 2.612921807475659719e+00
8.599999999999999645e+00 2.604265396302698043e+00
8.700000000000001066e+00 2.607679601771976774e+00
8.800000000000000711e+00 2.617648541294733899e+00
8.900000000000000355e+00 2.627922738680383397e+00
9.000000000000000000e+00 2.632830497190830066e+00
9.099999999999999645e+00 2.628062015138481033e+00
9.200000000000001066e+00 2.611018053139234851e+00
9.300000000000000711e+00 2.580958998636566193e+00
9.400000000000000355e+00 2.539151837715334814e+00
9.500000000000000000e+00 2.489089568363596516e+00
9.600000000000001421e+00 2.436683042705807267e+00
9.700000000000001066e+00 2.390101260151967111e+00
9.800000000000000711e+00 2.358758051678491618e+00
9.900000000000000355e+00 2.351118780765070859e+00
1.000000000000000000e+01 2.371836273157722275e+00
1.010000000000000142e+01 2.419760124063837559e+00
1.020000000000000107e+01 2.488240556027751182e+00
1.030000000000000071e+01 2.567505155198906763e+00
1.040000000000000036e+01 2.647490934695325038e+00
1.050000000000000000e+01 2.719760215603380438e+00
1.060000000000000142e+01 2.778221163498665547e+00
1.070000000000000107e+01 2.819061450236831856e+00
1.080000000000000071e+01 2.840372139986580446e+00
1.090000000000000036e+01 2.841753550342494883e+00
1.100000000000000000e+01 2.824022638525115703e+00
1.110000000000000142e+01 2.789045077532932737e+00
1.120000000000000107e+01 2.739669592156600331e+00
1.130000000000000071e+01 2.679712756800652684e+00
1.140000000000000036e+01 2.613908746964532792e+00
1.150000000000000000e+01 2.547701559880943822e+00
1.160000000000000142e+01 2.486748748397424436e+00
1.170000000000000107e+01 2.436084770144235634e+00
1.180000000000000071e+01 2.399092404374023157e+00
1.190000000000000036e+01 2.376663288695135101e+00
1.200000000000000000e+01 2.366974096854645992e+00
1.210000000000000142e+01 2.366032751903901499e+00
1.220000000000000107e+01 2.368744809955490638e+00
1.230000000000000071e+01 2.370051582340519936e+00
1.240000000000000036e+01 2.365804544687298616e+00
1.250000000000000000e+01 2.353283403813160923e+00
1.260000000000000142e+01 2.331435046589057869e+00
1.270000000000000107e+01 2.300950438857635838e+00
1.280000000000000071e+01 2.264248695306676495e+00
1.290000000000000036e+01 2.225354513797510148e+00
1.300000000000000000e+01 2.189573782141487790e+00
1.310000000000000142e+01 2.162835700969085728e+00
1.320000000000000107e+01 2.150643702119222844e+00
1.330000000000000071e+01 2.156800741143628297e+00
1.340000000000000036e+01 2.182345126145335268e+00
1.350000000000000000e+01 2.225190252637268440e+00
1.360000000000000142e+01 2.280645650819763670e+00
1.370000000000000107e+01 2.342527160956984211e+00
1.380000000000000071e+01 2.404340828845036970e+00
1.390000000000000036e+01 2.460164013754301493e+00
1.400000000000000000e+01 2.505127334828832986e+00
1.410000000000000142e+01 2.535592988227678646e+00
1.420000000000000107e+01 2.549177715459496341e+00
1.430000000000000071e+01 2.544741755953404905e+00
1.440000000000000036e+01 2.522419115693606440e+00
1.450000000000000000e+01 2.483723476320184975e+00
1.460000000000000142e+01 2.431723550537523870e+00
1.470000000000000107e+01 2.371223746131704502e+00
1.480000000000000071e+01 2.308795411660105934e+00
1.490000000000000036e+01 2.252399789531581931e+00
1.500000000000000000e+01 2.210328903778700838e+00
1.510000000000000142e+01 2.189444221762769871e+00
1.520000000000000107e+01 2.193254625586773532e+00
1.530000000000000071e+01 2.220823539007300784e+00
1.540000000000000036e+01 2.267191077172165059e+00
1.550000000000000000e+01 2.325030407073131578e+00
1.560000000000000142e+01 2.386579854089670327e+00
1.570000000000000107e+01 2.445063999537862465e+00
1.580000000000000071e+01 2.495406615144783569e+00
1.590000000000000036e+01 2.534439598661444748e+00
1.600000000000000000e+01 2.560884690909860595e+00
1.610000000000000142e+01 2.575283994200491477e+00
1.619999999999999929e+01 2.579922732756766202e+00
1.630000000000000071e+01 2.578674488171696311e+00
1.640000000000000213e+01 2.576621556973341498e+00
1.650000000000000000e+01 2.579300737142446120e+00
1.660000000000000142e+01 2.591563404357509537e+00
1.669999999999999929e+01 2.616320447712976005e+00
1.680000000000000071e+01 2.653685374726109991e+00
1.690000000000000213e+01 2.700946785798445049e+00
1.700000000000000000e+01 2.753359983469286121e+00
1.710000000000000142e+01 2.805313419839394307e+00
1.719999999999999929e+01 2.851356933772145830e+00
1.730000000000000071e+01 2.886827814154983685e+00
1.740000000000000213e+01 2.908091005381340910e+00
1.750000000000000000e+01 2.912547885220383215e+00
1.760000000000000142e+01 2.898576467938673851e+00
1.769999999999999929e+01 2.865521389455594203e+00
1.780000000000000071e+01 2.813805612418234681e+00
1.790000000000000213e+01 2.745198109790706109e+00
1.800000000000000000e+01 2.663225032190946528e+00
1.810000000000000142e+01 2.573619209078414460e+00
1.819999999999999929e+01 2.484527879457012034e+00
1.830000000000000071e+01 2.405979199020523041e+00
1.840000000000000213e+01 2.348096297954572975e+00
1.850000000000000000e+01 2.318177763735527641e+00
1.860000000000000142e+01 2.317979791839243298e+00
1.869999999999999929e+01 2.343058826486646318e+00
1.880000000000000071e+01 2.384696726747283169e+00
1.890000000000000213e+01 2.432991343754308922e+00
1.900000000000000000e+01 2.479330342294491452e+00
1.910000000000000142e+01 2.517560354817270252e+00
1.920000000000000284e+01 2.544157961223425968e+00
1.930000000000000071e+01 2.557956543731009003e+00
1.940000000000000213e+01 2.559801550180226037e+00
1.950000000000000000e+01 2.552267518173929162e+00
1.960000000000000142e+01 2.539398042078166995e+00
1.970000000000000284e+01 2.526325411550196520e+00
1.980000000000000071e+01 2.518597953457787142e+00
1.990000000000000213e+01 2.521141802296114953e+00
2.000000000000000000e+01 2.537037497869713221e+00
2.010000000000000142e+01 2.566571552313206439e+00
2.020000000000000284e+01 2.607046029394711528e+00
2.030000000000000071e+01 2.653462744519311300e+00
2.040000000000000213e+01 2.699722271849259947e+00
2.050000000000000000e+01 2.739801960933701430e+00
2.060000000000000142e+01 2.768565979120310772e+00
2.070000000000000284e+01 2.782154324646653798e+00
2.080000000000000071e+01 2.778075520551236188e+00
2.090000000000000213e+01 2.755161956298612935e+00
2.100000000000000000e+01 2.713508409983772296e+00
2.110000000000000142e+01 2.654463203985030439e+00
2.120000000000000284e+01 2.580697659269493904e+00
2.130000000000000071e+01 2.496335243725946729e+00
2.140000000000000213e+01 2.407058529943388869e+00
2.150000000000000000e+01 2.320020095055827625e+00
2.160000000000000142e+01 2.243298124093976220e+00
2.170000000000000284e+01 2.184680323189422069e+00
2.180000000000000071e+01 2.149888647699740307e+00
2.190000000000000213e+01 2.140908779887555013e+00
2.200000000000000000e+01 2.155357510937701004e+00
2.210000000000000142e+01 2.187315749773101281e+00
2.220000000000000284e+01 2.229125492410817699e+00
2.230000000000000071e+01 2.273207236833583611e+00
2.240000000000000213e+01 2.313272771837217689e+00
2.250000000000000000e+01 2.344857918472714076e+00
2.260000000000000142e+01 2.365403171098489743e+00
2.270000000000000284e+01 2.374131331488077201e+00
2.280000000000000071e+01 2.371870801695086683e+00
2.290000000000000213e+01 2.360866884337795568e+00
2.300000000000000000e+01 2.344547477459309359e+00
2.310000000000000142e+01 2.327168709110700284e+00
2.320000000000000284e+01 2.313270016468333079e+00
2.330000000000000071e+01 2.306934700051496367e+00
2.340000000000000213e+01 2.310977034402489139e+00
2.350000000000000000e+01 2.326296203969661747e+00
2.360000000000000142e+01 2.351642774762173538e+00
2.370000000000000284e+01 2.383887825019316953e+00
2.380000000000000071e+01 2.418664595205342494e+00
2.390000000000000213e+01 2.451128975750252792e+00
2.400000000000000000e+01 2.476622317374978621e+00
2.410000000000000142e+01 2.491147261645314082e+00
2.420000000000000284e+01 2.491682807006331934e+00
2.430000000000000071e+01 2.476422938761760228e+00
2.440000000000000213e+01 2.445031488404130648e+00
2.450000000000000000e+01 2.398982460046440224e+00
2.460000000000000142e+01 2.341997172361487856e+00
2.470000000000000284e+01 2.280466013043576101e+00
2.480000000000000071e+01 2.223520770064208119e+00
2.490000000000000213e+01 2.182175236319281009e+00
2.500000000000000000e+01 2.167023541094671657e+00
2.510000000000000142e+01 2.184867948019490136e+00
2.520000000000000284e+01 2.236030607568742390e+00
2.530000000000000071e+01 2.314284573528085254e+00
2.540000000000000213e+01 2.409424168040374070e+00
2.550000000000000000e+01 2.510560101626741147e+00
2.560000000000000142e+01 2.608377414337486933e+00
2.570000000000000284e+01 2.695973610779465623e+00
2.580000000000000071e+01 2.768787836159287696e+00
2.590000000000000213e+01 2.824211479860793794e+00
2.600000000000000000e+01 2.861224429629164234e+00
2.610000000000000142e+01 2.880179454557114216e+00
2.620000000000000284e+01 2.882731650910149490e+00
2.630000000000000071e+01 2.871842176045497297e+00
2.640000000000000213e+01 2.851734764641382647e+00
2.650000000000000000e+01 2.827642057439258672e+00
2.660000000000000142e+01 2.805184733514717976e+00
2.670000000000000284e+01 2.789350322459658749e+00
2.680000000000000071e+01 2.783301621235351853e+00
2.690000000000000213e+01 2.787498432216984234e+00
2.700000000000000000e+01 2.799585954541216282e+00
2.710000000000000142e+01 2.815108130949185217e+00
2.720000000000000284e+01 2.828658710824854428e+00
2.730000000000000071e+01 2.834961479443932397e+00
2.740000000000000213e+01 2.829584614088498373e+00
2.750000000000000000e+01 2.809278009374453156e+00
2.760000000000000142e+01 2.772083734581964443e+00
2.770000000000000284e+01 2.717398913397354399e+00
2.780000000000000071e+01 2.646134470344664980e+00
2.790000000000000213e+01 2.561054710233062082e+00
2.800000000000000000e+01 2.467289141687686094e+00
2.810000000000000142e+01 2.372821895296634231e+00
2.820000000000000284e+01 2.288443011706537078e+00
2.830000000000000071e+01 2.226351231971289479e+00
2.840000000000000213e+01 2.196926562709140107e+00
2.850000000000000000e+01 2.204708266768114822e+00
2.860000000000000142e+01 2.246231186134592939e+00
2.870000000000000284e+01 2.311531031898156119e+00
2.880000000000000071e+01 2.388077703232374116e+00
2.890000000000000213e+01 2.464383643343103003e+00
2.900000000000000000e+01 2.531821700168102929e+00
2.910000000000000142e+01 2.584901393247261758e+00
2.920000000000000284e+01 2.620816503660538643e+00
2.930000000000000071e+01 2.638852206522540378e+00
2.940000000000000213e+01 2.639902647614103870e+00
2.950000000000000000e+01 2.626144197641127498e+00
2.960000000000000142e+01 2.600817802067637352e+00
2.970000000000000284e+01 2.568034569715311299e+00
2.980000000000000071e+01 2.532500465176538818e+00
2.990000000000000213e+01 2.499063568896802146e+00
3.000000000000000000e+01 2.472048659143352367e+00
3.010000000000000142e+01 2.454473556128602851e+00
3.020000000000000284e+01 2.447388815598110057e+00
3.030000000000000071e+01 2.449625401766300392e+00
3.040000000000000213e+01 2.458089393070893358e+00
3.050000000000000000e+01 2.468488811769848468e+00
3.060000000000000142e+01 2.476208772615408726e+00
3.070000000000000284e+01 2.477072404313751086e+00
3.080000000000000071e+01 2.467868720945517680e+00
3.090000000000000213e+01 2.446666666788996913e+00
3.100000000000000000e+01 2.413000026552703847e+00
3.110000000000000142e+01 2.368004797287252217e+00
3.120000000000000284e+01 2.314544231252284145e+00
3.130000000000000071e+01 2.257280725067960514e+00
3.140000000000000213e+01 2.202554534840752698e+00
3.150000000000000000e+01 2.157841335487113543e+00
3.160000000000000142e+01 2.130587854775506607e+00
3.170000000000000284e+01 2.126505626451208553e+00
3.180000000000000071e+01 2.147897355462780489e+00
3.190000000000000213e+01 2.192874458708653052e+00
3.200000000000000000e+01 2.255932662925935084e+00
3.210000000000000142e+01 2.329515851634383239e+00
3.220000000000000284e+01 2.405718787971109496e+00
3.230000000000000426e+01 2.477495184889655366e+00
3.239999999999999858e+01 2.539235460274234857e+00
3.250000000000000000e+01 2.586896498082956519e+00
3.260000000000000142e+01 2.617923054246778847e+00
3.270000000000000284e+01 2.631129902162196554e+00
3.280000000000000426e+01 2.626628714772633266e+00
3.289999999999999858e+01 2.605821388538410055e+00
3.300000000000000000e+01 2.571436119062170622e+00
3.310000000000000142e+01 2.527538379312580297e+00
3.320000000000000284e+01 2.479400337118758735e+00
3.330000000000000426e+01 2.433079912200357242e+00
3.339999999999999858e+01 2.394601493516510970e+00
3.350000000000000000e+01 2.368805774561715261e+00
3.360000000000000142e+01 2.358210415564851559e+00
3.370000000000000284e+01 2.362385515609677800e+00
3.380000000000000426e+01 2.378168590646390079e+00
3.389999999999999858e+01 2.400598142488822084e+00
3.400000000000000000e+01 2.424111104548982709e+00
3.410000000000000142e+01 2.443573578497199250e+00
3.420000000000000284e+01 2.454970642224687083e+00
3.430000000000000426e+01 2.455812064462861155e+00
3.439999999999999858e+01 2.445397784684581133e+00
3.450000000000000000e+01 2.425052767717963853e+00
3.460000000000000142e+01 2.398334918449621433e+00
3.470000000000000284e+01 2.371066052454700035e+00
3.480000000000000426e+01 2.350872375003747017e+00
3.489999999999999858e+01 2.345888569044321414e+00
3.500000000000000000e+01 2.362623799812499037e+00
3.510000000000000142e+01 2.403736157575220300e+00
3.520000000000000284e+01 2.466974940127681037e+00
3.530000000000000426e+01 2.545992243162729984e+00
3.539999999999999858e+01 2.632432111489719340e+00
3.550000000000000000e+01 2.718033512910168703e+00
3.560000000000000142e+01 2.795920473847425036e+00
3.570000000000000284e+01 2.861021368848409629e+00
3.580000000000000426e+01 2.909957420416047658e+00
3.589999999999999858e+01 2.940747452833213149e+00
3.600000000000000000e+01 2.952541156035110248e+00
3.610000000000000142e+01 2.945473498846781002e+00
3.620000000000000284e+01 2.920661318759948610e+00
3.630000000000000426e+01 2.880319920049493554e+00
3.639999999999999858e+01 2.827935253764923385e+00
3.650000000000000000e+01 2.768366989282930568e+00
3.660000000000000142e+01 2.707685266375669197e+00
3.670000000000000284e+01 2.652517544569161778e+00
3.680000000000000426e+01 2.608818400653444503e+00
3.689999999999999858e+01 2.580342164727857934e+00
3.700000000000000000e+01 2.567498389410549642e+00
3.710000000000000142e+01 2.567255798917880583e+00
3.720000000000000284e+01 2.574170207880665195e+00
3.730000000000000426e+01 2.581953612519817476e+00
3.739999999999999858e+01 2.584870631850683775e+00
3.750000000000000000e+01 2.578606106732292069e+00
3.760000000000000142e+01 2.560646682426846787e+00
3.770000000000000284e+01 2.530394214894816862e+00
3.780000000000000426e+01 2.489206288933918820e+00
3.789999999999999858e+01 2.440446384470905450e+00
3.800000000000000000e+01 2.389479683226345408e+00
3.810000000000000142e+01 2.343391564451577036e+00
3.820000000000000284e+01 2.310105664667634340e+00
3.830000000000000426e+01 2.296717516842289974e+00
3.840000000000000568e+01 2.307389312413063109e+00
3.850000000000000000e+01 2.341793116696280208e+00
3.860000000000000142e+01 2.395081214338787845e+00
3.870000000000000284e+01 2.459414314335413465e+00
3.880000000000000426e+01 2.526090818358544432e+00
3.890000000000000568e+01 2.587248633373308682e+00
3.900000000000000000e+01 2.636738133705707643e+00
3.910000000000000142e+01 2.670321319934096493e+00
3.920000000000000284e+01 2.685523206994393064e+00
3.930000000000000426e+01 2.681389339216150081e+00
3.940000000000000568e+01 2.658282574059365189e+00
3.950000000000000000e+01 2.617765123128860782e+00
3.960000000000000142e+01 2.562561363957699179e+00
3.970000000000000284e+01 2.496562187603003302e+00
3.980000000000000426e+01 2.424794249342475005e+00
3.990000000000000568e+01 2.353234135454656428e+00
4.000000000000000000e+01 2.288323587855560781e+00
4.010000000000000142e+01 2.236098335579709051e+00
4.020000000000000284e+01 2.201035999541591792e+00
4.030000000000000426e+01 2.185001269772283372e+00
4.040000000000000568e+01 2.186789884446722176e+00
4.050000000000000000e+01 2.202539189301041311e+00
4.060000000000000142e+01 2.226811033672930762e+00
4.070000000000000284e+01 2.253855524661380283e+00
4.080000000000000426e+01 2.278632725015630189e+00
4.090000000000000568e+01 2.297437693913796153e+00
4.100000000000000000e+01 2.308189591570359411e+00
4.110000000000000142e+01 2.310513967687618297e+00
4.120000000000000284e+01 2.305710431427637097e+00
4.130000000000000426e+01 2.296621490464635151e+00
4.140000000000000568e+01 2.287345972786914317e+00
4.150000000000000000e+01 2.282705994587837850e+00
4.160000000000000142e+01 2.287420541580033273e+00
4.170000000000000284e+01 2.305085302682022164e+00
4.180000000000000426e+01 2.337249291774411208e+00
4.190000000000000568e+01 2.382953506179816827e+00
4.200000000000000000e+01 2.438927651178405931e+00
4.210000000000000142e+01 2.500318930784027671e+00
4.220000000000000284e+01 2.561607735860161217e+00
4.230000000000000426e+01 2.617390549924676790e+00
4.240000000000000568e+01 2.662889110211057009e+00
4.250000000000000000e+01 2.694210653894404839e+00
4.260000000000000142e+01 2.708460284230547188e+00
4.270000000000000284e+01 2.703811088688190978e+00
4.280000000000000426e+01 2.679613978364976834e+00
4.290000000000000568e+01 2.636602310825034046e+00
4.300000000000000000e+01 2.577215215724064201e+00
4.310000000000000142e+01 2.506005216881689535e+00
4.320000000000000284e+01 2.429973323153604703e+00
4.330000000000000426e+01 2.358472941630477493e+00
4.340000000000000568e+01 2.302152941919537010e+00
4.350000000000000000e+01 2.270616611896689285e+00
4.360000000000000142e+01 2.269387937904133956e+00
4.370000000000000284e+01 2.297866664663991809e+00
4.380000000000000426e+01 2.349740734095991712e+00
4.390000000000000568e+01 2.415521072676766412e+00
4.400000000000000000e+01 2.485453859176860014e+00
4.410000000000000142e+01 2.551435360043070144e+00
4.420000000000000284e+01 2.607726248875846586e+00
4.430000000000000426e+01 2.650934566229473432e+00
4.440000000000000568e+01 2.679759411441954953e+00
4.450000000000000000e+01 2.694764622335522386e+00
4.460000000000000142e+01 2.698243925893107686e+00
4.470000000000000284e+01 2.694095679108658103e+00
4.480000000000000426e+01 2.687530004701558894e+00
4.490000000000000568e+01 2.684402596779384531e+00
4.500000000000000000e+01 2.690083197296442297e+00
4.510000000000000142e+01 2.708069920380874684e+00
4.520000000000000284e+01 2.738901428423683448e+00
4.530000000000000426e+01 2.779942831442408391e+00
4.540000000000000568e+01 2.826165931905610940e+00
4.550000000000000000e+01 2.871474895338331557e+00
4.560000000000000142e+01 2.909950186529314475e+00
4.570000000000000284e+01 2.936639186076432040e+00
4.580000000000000426e+01 2.947870695922929052e+00
4.590000000000000568e+01 2.941260003880946883e+00
4.600000000000000000e+01 2.915593918862841694e+00
4.610000000000000142e+01 2.870735407428901098e+00
4.620000000000000284e+01 2.807632821360673603e+00
4.630000000000000426e+01 2.728476212206603080e+00
4.640000000000000568e+01 2.636997110449871951e+00
4.650000000000000000e+01 2.538825495416481282e+00
4.660000000000000142e+01 2.441667127640877233e+00
4.670000000000000284e+01 2.354874069540826564e+00
4.680000000000000426e+01 2.287948908634783507e+00
4.690000000000000568e+01 2.248007833410769596e+00
4.700000000000000000e+01 2.237250008551432412e+00
4.710000000000000142e+01 2.252071424207557016e+00
4.720000000000000284e+01 2.284518081150966218e+00
4.730000000000000426e+01 2.325052462831682210e+00
4.740000000000000568e+01 2.365011447990049476e+00
4.750000000000000000e+01 2.397937085632334764e+00
4.760000000000000142e+01 2.419910502891103654e+00
4.770000000000000284e+01 2.429361638933869472e+00
4.780000000000000426e+01 2.426724621861240827e+00
4.790000000000000568e+01 2.414103315961141583e+00
4.800000000000000000e+01 2.394956910883471402e+00
4.810000000000000142e+01 2.373728094319809578e+00
4.820000000000000284e+01 2.355309216193068877e+00
4.830000000000000426e+01 2.344288340539476767e+00
4.840000000000000568e+01 2.344049881890886144e+00
4.850000000000000000e+01 2.355974787119843761e+00
4.860000000000000142e+01 2.379058887998705352e+00
4.870000000000000284e+01 2.410131420897053900e+00
4.880000000000000426e+01 2.444574541488920616e+00
4.890000000000000568e+01 2.477236350390901176e+00
4.900000000000000000e+01 2.503234025305694388e+00
4.910000000000000142e+01 2.518498172780425648e+00
4.920000000000000284e+01 2.520068054733790586e+00
4.930000000000000426e+01 2.506228947773767146e+00
4.940000000000000568e+01 2.476592763270370146e+00
4.950000000000000000e+01 2.432196145926617703e+00
4.960000000000000142e+01 2.375648179902644763e+00
4.970000000000000284e+01 2.311301453538858741e+00
4.980000000000000426e+01 2.245332447099727791e+00
4.990000000000000568e+01 2.185503224777893827e+00
5.000000000000000000e+01 2.140307621813219985e+00
5.010000000000000142e+01 2.117352958146011321e+00
5.020000000000000284e+01 2.121325873538190798e+00
5.030000000000000426e+01 2.152476531595047149e+00
5.040000000000000568e+01 2.206540432049772349e+00
5.050000000000000000e+01 2.276145650149395294e+00
5.060000000000000142e+01 2.352834500209383783e+00
5.070000000000000284e+01 2.428735835487271011e+00
5.080000000000000426e+01 2.497486374998255432e+00
5.090000000000000568e+01 2.554521232622061433e+00
5.100000000000000000e+01 2.597027801179025097e+00
5.110000000000000142e+01 2.623797793198803241e+00
5.120000000000000284e+01 2.635096136851259541e+00
5.130000000000000426e+01 2.632571563467432707e+00
5.140000000000000568e+01 2.619169004153957925e+00
5.150000000000000000e+01 2.598957976117640456e+00
5.160000000000000142e+01 2.576768192231013721e+00
5.170000000000000284e+01 2.557552021174425594e+00
5.180000000000000426e+01 2.545506239991115471e+00
5.190000000000000568e+01 2.543163821358339405e+00
5.200000000000000000e+01 2.550792555523258898e+00
5.210000000000000142e+01 2.566364622054107425e+00
5.220000000000000284e+01 2.586093095219906601e+00
5.230000000000000426e+01 2.605270794672471357e+00
5.240000000000000568e+01 2.619088397698422277e+00
5.250000000000000000e+01 2.623242253913820043e+00
5.260000000000000142e+01 2.614319339083617688e+00
5.270000000000000284e+01 2.590056809401509064e+00
5.280000000000000426e+01 2.549603306728168484e+00
5.290000000000000568e+01 2.493888644349165240e+00
5.300000000000000000e+01 2.426149827435713835e+00
5.310000000000000142e+01 2.352531703933128160e+00
5.320000000000000284e+01 2.282418652336673404e+00
5.330000000000000426e+01 2.227787102010312381e+00
5.340000000000000568e+01 2.200781561952394938e+00
5.350000000000000000e+01 2.209671862196561420e+00
5.360000000000000142e+01 2.255282294134142607e+00
5.370000000000000284e+01 2.330621979295203872e+00
5.380000000000000426e+01 2.424013814639817355e+00
5.390000000000000568e+01 2.523210320683983099e+00
5.400000000000000000e+01 2.618114205326537380e+00
5.410000000000000142e+01 2.701646873384706105e+00
5.420000000000000284e+01 2.769495983408774897e+00
5.430000000000000426e+01 2.819514154304859854e+00
5.440000000000000568e+01 2.851184377684715443e+00
5.450000000000000000e+01 2.865284628773195230e+00
5.460000000000000142e+01 2.863741559441316475e+00
5.470000000000000284e+01 2.849596938990993422e+00
5.480000000000000426e+01 2.826965887978936998e+00
5.490000000000000568e+01 2.800828666385054788e+00
5.500000000000000000e+01 2.776498978024720898e+00
5.510000000000000142e+01 2.758715391240039061e+00
5.520000000000000284e+01 2.750537443693716000e+00
5.530000000000000426e+01 2.752477732648878295e+00
5.540000000000000568e+01 2.762316779876821560e+00
5.550000000000000000e+01 2.775716217183846979e+00
5.560000000000000142e+01 2.787314969545517052e+00
5.570000000000000284e+01 2.791826200453185969e+00
5.580000000000000426e+01 2.784815208587669844e+00
5.590000000000000568e+01 2.763106161543483097e+00
5.600000000000000000e+01 2.724937057644099880e+00
5.610000000000000142e+01 2.670023918251767991e+00
5.620000000000000284e+01 2.599662811304940035e+00
5.630000000000000426e+01 2.516936656877819978e+00
5.640000000000000568e+01 2.427003089511176270e+00
5.650000000000000000e+01 2.337290349025182401e+00
5.660000000000000142e+01 2.257217046595677790e+00
5.670000000000000284e+01 2.196920251413064129e+00
5.680000000000000426e+01 2.164788729896736985e+00
5.690000000000000568e+01 2.164584330891514252e+00
5.700000000000000000e+01 2.193864096747392356e+00
5.710000000000000142e+01 2.244886397273613277e+00
5.720000000000000284e+01 2.307341402873692271e+00
5.730000000000000426e+01 2.371148098282662264e+00
5.740000000000000568e+01 2.428149860486903400e+00
5.750000000000000000e+01 2.472652568933907169e+00
5.760000000000000142e+01 2.501287226596791591e+00
5.770000000000000284e+01 2.512647004020406527e+00
5.780000000000000426e+01 2.506941177083432670e+00
5.790000000000000568e+01 2.485744077837952482e+00
5.800000000000000000e+01 2.451827196762149885e+00
5.810000000000000142e+01 2.409016721251582727e+00
5.820000000000000284e+01 2.361991801284230696e+00
5.830000000000000426e+01 2.315928489165516524e+00
5.840000000000000568e+01 2.275921539218602518e+00
5.850000000000000000e+01 2.246208053791240111e+00
5.860000000000000142e+01 2.229363427895624916e+00
5.870000000000000284e+01 2.225754733312563349e+00
5.880000000000000426e+01 2.233498522882938264e+00
5.890000000000000568e+01 2.248958625605981254e+00
5.900000000000000000e+01 2.267580824189450617e+00
5.910000000000000142e+01 2.284770648166451146e+00
5.920000000000000284e+01 2.296605392082753827e+00
5.930000000000000426e+01 2.300321847388599128e+00
5.940000000000000568e+01 2.294627299218550132e+00
5.950000000000000000e+01 2.279908091796089664e+00
5.960000000000000142e+01 2.258372765701822882e+00
5.970000000000000284e+01 2.234087901499110629e+00
5.980000000000000426e+01 2.212767108665393945e+00
5.990000000000000568e+01 2.201109589482795670e+00
6.000000000000000000e+01 2.205562094495472358e+00
6.010000000000000142e+01 2.230691181049645699e+00
6.020000000000000284e+01 2.277777101325373810e+00
6.030000000000000426e+01 2.344354171115043961e+00
6.040000000000000568e+01 2.424939981404284239e+00
6.050000000000000000e+01 2.512487678374890621e+00
6.060000000000000142e+01 2.599818967625989519e+00
6.070000000000000284e+01 2.680571960329173109e+00
6.080000000000000426e+01 2.749617318114073505e+00
6.090000000000000568e+01 2.803125770301084785e+00
6.100000000000000000e+01 2.838492550487858423e+00
6.110000000000000142e+01 2.854258232420604724e+00
6.120000000000000284e+01 2.850096749305553345e+00
6.130000000000000426e+01 2.826894180047020644e+00
6.140000000000000568e+01 2.786906414223062178e+00
6.150000000000000000e+01 2.733940004520743816e+00
6.160000000000000142e+01 2.673432258068030976e+00
6.170000000000000284e+01 2.612222686176812747e+00
6.180000000000000426e+01 2.557777080900256017e+00
6.190000000000000568e+01 2.516783078867994128e+00
6.200000000000000000e+01 2.493454135523978099e+00
6.210000000000000142e+01 2.488312997795214532e+00
6.220000000000000284e+01 2.498161717897367851e+00
6.230000000000000426e+01 2.517249539775673117e+00
6.240000000000000568e+01 2.538950481728709185e+00
6.250000000000000000e+01 2.557192549487606659e+00
6.260000000000000142e+01 2.567313939373078835e+00
6.270000000000000284e+01 2.566441977343077774e+00
6.280000000000000426e+01 2.553644711104662068e+00
6.290000000000000568e+01 2.530052952089539176e+00
6.300000000000000000e+01 2.499010059459764843e+00
6.310000000000000142e+01 2.466128586262524180e+00
6.320000000000000284e+01 2.438942714079353813e+00
6.330000000000000426e+01 2.425757816625905061e+00
6.340000000000000568e+01 2.433568494382068792e+00
6.350000000000000000e+01 2.465669600657464322e+00
6.360000000000000142e+01 2.520272351615807871e+00
6.370000000000000284e+01 2.591072188711984303e+00
6.380000000000000426e+01 2.669359071231307556e+00
6.390000000000000568e+01 2.746341847923053692e+00
6.400000000000000000e+01 2.814677594174092690e+00
6.410000000000000853e+01 2.869037917613075805e+00
6.420000000000000284e+01 2.906043993411009829e+00
6.429999999999999716e+01 2.923949196569283870e+00
6.440000000000000568e+01 2.922309796822160965e+00
6.450000000000000000e+01 2.901752365593345040e+00
6.460000000000000853e+01 2.863868746661117903e+00
6.470000000000000284e+01 2.811227305980826152e+00
6.479999999999999716e+01 2.747453873008961711e+00
6.490000000000000568e+01 2.677287347351684055e+00
6.500000000000000000e+01 2.606453840351521389e+00
6.510000000000000853e+01 2.541169478130226977e+00
6.520000000000000284e+01 2.487163504724669405e+00
6.529999999999999716e+01 2.448381187919594915e+00
6.540000000000000568e+01 2.425874665919117046e+00
6.550000000000000000e+01 2.417485648910440155e+00
6.560000000000000853e+01 2.418540378580072314e+00
6.570000000000000284e+01 2.423193523820804440e+00
6.579999999999999716e+01 2.425798585223311044e+00
6.590000000000000568e+01 2.421881553489170447e+00
6.600000000000000000e+01 2.408644991788027045e+00
6.610000000000000853e+01 2.385141578907414406e+00
6.620000000000000284e+01 2.352282829735362846e+00
6.629999999999999716e+01 2.312772244166679148e+00
6.640000000000000568e+01 2.270945745084194556e+00
6.650000000000000000e+01 2.232406355883805205e+00
6.660000000000000853e+01 2.203300884195836140e+00
6.670000000000000284e+01 2.189178477582667703e+00
6.679999999999999716e+01 2.193634409441520106e+00
6.690000000000000568e+01 2.217243240201535848e+00
6.700000000000000000e+01 2.257312612743551217e+00
6.710000000000000853e+01 2.308589678092638042e+00
6.720000000000000284e+01 2.364530928566724644e+00
6.729999999999999716e+01 2.418555844449080450e+00
6.740000000000000568e+01 2.464912742875433160e+00
6.750000000000000000e+01 2.499102708384741689e+00
6.760000000000000853e+01 2.517994863548073781e+00
6.770000000000000284e+01 2.519798877100412948e+00
6.779999999999999716e+01 2.504017542086431014e+00
6.790000000000000568e+01 2.471447645531335002e+00
6.800000000000000000e+01 2.424251870900399730e+00
6.810000000000000853e+01 2.366080873667576245e+00
6.820000000000000284e+01 2.302166328388520977e+00
6.829999999999999716e+01 2.239225074725548215e+00
6.840000000000000568e+01 2.184943157926833912e+00
6.850000000000000000e+01 2.146849674266961827e+00
6.860000000000000853e+01 2.130675071177142055e+00
6.870000000000000284e+01 2.138766570568803260e+00
6.879999999999999716e+01 2.169389258236461338e+00
6.890000000000000568e+01 2.217344325355816714e+00
6.900000000000000000e+01 2.275531423803223596e+00
6.910000000000000853e+01 2.336636371072867480e+00
6.920000000000000284e+01 2.394342704180313586e+00
6.929999999999999716e+01 2.443943119012849774e+00
6.940000000000000568e+01 2.482526844360033458e+00
6.950000000000000000e+01 2.508965499552261669e+00
6.960000000000000853e+01 2.523837053496602145e+00
6.970000000000000284e+01 2.529321416106500742e+00
6.979999999999999716e+01 2.529012620388047416e+00
6.990000000000000568e+01 2.527537325166955728e+00
7.000000000000000000e+01 2.529877294946611954e+00
7.010000000000000853e+01 2.540405282875944248e+00
7.020000000000000284e+01 2.561849234138771081e+00
7.029999999999999716e+01 2.594567742070650773e+00
7.040000000000000568e+01 2.636461004929318896e+00
7.050000000000000000e+01 2.683532982038313808e+00
7.060000000000000853e+01 2.730799872922273330e+00
7.070000000000000284e+01 2.773158606277403404e+00
7.079999999999999716e+01 2.805984737035949195e+00
7.090000000000000568e+01 2.825437762206616021e+00
7.100000000000000000e+01 2.828575519936145533e+00
7.110000000000000853e+01 2.813405845199536515e+00
7.120000000000000284e+01 2.778981336751540798e+00
7.129999999999999716e+01 2.725611834846781711e+00
7.140000000000000568e+01 2.655237867508501992e+00
7.150000000000000000e+01 2.571954907522294054e+00
7.160000000000000853e+01 2.482553577120910404e+00
7.170000000000000284e+01 2.396696429936104877e+00
7.179999999999999716e+01 2.326060203927663217e+00
7.190000000000000568e+01 2.281840328975110133e+00
7.200000000000000000e+01 2.271044152661202187e+00
7.210000000000000853e+01 2.293621074290375539e+00
7.220000000000000284e+01 2.342618274126889943e+00
7.229999999999999716e+01 2.407226529542984661e+00
7.240000000000000568e+01 2.476427451584435779e+00
7.250000000000000000e+01 2.541332797125361420e+00
7.260000000000000853e+01 2.595942948949506501e+00
7.270000000000000284e+01 2.636975359744064384e+00
7.279999999999999716e+01 2.663413034653154376e+00
7.290000000000000568e+01 2.676111154519180246e+00
7.300000000000000000e+01 2.677540931553830106e+00
7.310000000000000853e+01 2.671594595274702222e+00
7.320000000000000284e+01 2.663285800976463058e+00
7.329999999999999716e+01 2.658153491523644441e+00
7.340000000000000568e+01 2.661269485457226747e+00
7.350000000000000000e+01 2.676003432474655774e+00
7.360000000000000853e+01 2.703002182094774497e+00
7.370000000000000284e+01 2.739904073825534248e+00
7.379999999999999716e+01 2.781959399650764997e+00
7.390000000000000568e+01 2.823222230930132248e+00
7.400000000000000000e+01 2.857758861080304857e+00
7.410000000000000853e+01 2.880491550188372774e+00
7.420000000000000284e+01 2.887604272055380061e+00
7.429999999999999716e+01 2.876634086255590805e+00
7.440000000000000568e+01 2.846416203468023376e+00
7.450000000000000000e+01 2.797014884149029434e+00
7.460000000000000853e+01 2.729721306516722734e+00
7.470000000000000284e+01 2.647155623539696023e+00
7.479999999999999716e+01 2.553463587166289628e+00
7.490000000000000568e+01 2.454522889568518274e+00
7.500000000000000000e+01 2.357951429210822791e+00
7.510000000000000853e+01 2.272575450042510603e+00
7.520000000000000284e+01 2.207034536259023128e+00
7.529999999999999716e+01 2.167621091581743986e+00
7.540000000000000568e+01 2.156223842078782482e+00
7.550000000000000000e+01 2.169631714647920262e+00
7.560000000000000853e+01 2.200716408250632306e+00
7.570000000000000284e+01 2.240721906077194348e+00
7.579999999999999716e+01 2.281396564890109335e+00
7.590000000000000568e+01 2.316257623744371053e+00
7.600000000000000000e+01 2.341016228143675715e+00
7.610000000000000853e+01 2.353512304116625042e+00
7.620000000000000284e+01 2.353469758691320024e+00
7.629999999999999716e+01 2.342232060116868908e+00
7.640000000000000568e+01 2.322511368658065400e+00
7.650000000000000000e+01 2.298106763726707413e+00
7.660000000000000853e+01 2.273512658703815692e+00
7.670000000000000284e+01 2.253350978097293122e+00
7.680000000000001137e+01 2.241633250459855731e+00
7.690000000000000568e+01 2.240981987762554972e+00
7.700000000000000000e+01 2.252047828337438329e+00
7.710000000000000853e+01 2.273349208494883200e+00
7.720000000000000284e+01 2.301601217258845811e+00
7.730000000000001137e+01 2.332391183989629191e+00
7.740000000000000568e+01 2.360951075603233917e+00
7.750000000000000000e+01 2.382821643127225109e+00
7.760000000000000853e+01 2.394327870889723986e+00
7.770000000000000284e+01 2.392894097159619093e+00
7.780000000000001137e+01 2.377278722228736818e+00
7.790000000000000568e+01 2.347809367977923056e+00
7.800000000000000000e+01 2.306664670671294992e+00
7.810000000000000853e+01 2.258176375561385285e+00
7.820000000000000284e+01 2.208997854595586396e+00
7.830000000000001137e+01 2.167810988371456027e+00
7.840000000000000568e+01 2.144146911920006282e+00
7.850000000000000000e+01 2.146167164640118141e+00
7.860000000000000853e+01 2.178060237039306291e+00
7.870000000000000284e+01 2.238481530166659184e+00
7.880000000000001137e+01 2.321094778043836460e+00
7.890000000000000568e+01 2.416790171607524407e+00
7.900000000000000000e+01 2.516143012111885735e+00
7.910000000000000853e+01 2.611034094220145985e+00
7.920000000000000284e+01 2.695271671834010618e+00
7.930000000000001137e+01 2.764582224855142378e+00
7.940000000000000568e+01 2.816369876969066155e+00
7.950000000000000000e+01 2.849484279316384150e+00
7.960000000000000853e+01 2.864089574029438090e+00
7.970000000000000284e+01 2.861637544401352873e+00
7.980000000000001137e+01 2.844893450847561844e+00
7.990000000000000568e+01 2.817916432351694311e+00
8.000000000000000000e+01 2.785852981315354970e+00
