0.000000000000000000e+00 0.000000000000000000e+00
7.812500000000000000e-03 4.880429064304525610e-04
1.562500000000000000e-02 1.949315100744808404e-03
2.343750000000000000e-02 4.375273948008295832e-03
3.125000000000000000e-02 7.751771250491423793e-03
3.906250000000000000e-02 1.205918658630267259e-02
4.687500000000000000e-02 1.727261208925279234e-02
5.468750000000000000e-02 2.336208679894946627e-02
6.250000000000000000e-02 3.029287820846526813e-02
7.031250000000000000e-02 3.802580815947087522e-02
7.812500000000000000e-02 4.651761978639057382e-02
8.593750000000000000e-02 5.572138179643437716e-02
9.375000000000000000e-02 6.558692599559423630e-02
1.015625000000000000e-01 7.606131363565360459e-02
1.093750000000000000e-01 8.708932586736994885e-02
1.171875000000000000e-01 9.861397334325339159e-02
1.250000000000000000e-01 1.105770198221748268e-01
1.328125000000000000e-01 1.229195144894126290e-01
1.406250000000000000e-01 1.355823276210413875e-01
1.484375000000000000e-01 1.485066841916855562e-01
1.562500000000000000e-01 1.616346900498686345e-01
1.640625000000000000e-01 1.749098453652546681e-01
1.718750000000000000e-01 1.882775401861549458e-01
1.796875000000000000e-01 2.016855271323962917e-01
1.875000000000000000e-01 2.150843664861132876e-01
1.953125000000000000e-01 2.284278392287801829e-01
2.031250000000000000e-01 2.416733239039479120e-01
2.109375000000000000e-01 2.547821335582771685e-01
2.187500000000000000e-01 2.677198094247701388e-01
2.265625000000000000e-01 2.804563684573764260e-01
2.343750000000000000e-01 2.929665023008397595e-01
2.421875000000000000e-01 3.052297257789053919e-01
2.500000000000000000e-01 3.172304735027107192e-01
2.578125000000000000e-01 3.289581437340480807e-01
2.656250000000000000e-01 3.404070891797499332e-01
2.734375000000000000e-01 3.515765549381845156e-01
2.812500000000000000e-01 3.624705643611804140e-01
2.890625000000000000e-01 3.730977541290962929e-01
2.968750000000000000e-01 3.834711603577231065e-01
3.046875000000000000e-01 3.936079580579715520e-01
3.125000000000000000e-01 4.035291567476673169e-01
3.203125000000000000e-01 4.132592554644173299e-01
3.281250000000000000e-01 4.228258608447752476e-01
3.359375000000000000e-01 4.322592723136079451e-01
3.437500000000000000e-01 4.415920387647538359e-01
3.515625000000000000e-01 4.508584914063273885e-01
3.593750000000000000e-01 4.600942576883821911e-01
3.671875000000000000e-01 4.683798579814737462e-01
3.750000000000000000e-01 4.529564647662484012e-01
3.828125000000000000e-01 4.377410485468036239e-01
3.906250000000000000e-01 4.228531098804876320e-01
3.984375000000000000e-01 4.084092636798211107e-01
4.062500000000000000e-01 3.945221006192874968e-01
4.140625000000000000e-01 3.812990888956577784e-01
4.218750000000000000e-01 3.688415274857510529e-01
4.296875000000000000e-01 3.572435615205972192e-01
4.375000000000000000e-01 3.465912697616284621e-01
4.453125000000000000e-01 3.369618334292869832e-01
4.531250000000000000e-01 3.284227948047606649e-01
4.609375000000000000e-01 3.210314131099729629e-01
4.687500000000000000e-01 3.148341241787678824e-01
4.765625000000000000e-01 3.098661093736057026e-01
4.843750000000000000e-01 3.061509780878313158e-01
4.921875000000000000e-01 3.037005670150626502e-01
5.000000000000000000e-01 3.025148581763283939e-01
5.078125000000000000e-01 3.025820164844046367e-01
5.156250000000000000e-01 3.038785464057565111e-01
5.234375000000000000e-01 3.017526441749225352e-01
5.312500000000000000e-01 2.874281133361156204e-01
5.390625000000000000e-01 2.729505175067465927e-01
5.468750000000000000e-01 2.583625117137309246e-01
5.546875000000000000e-01 2.437104522287685260e-01
5.625000000000000000e-01 2.290440270217486418e-01
5.703125000000000000e-01 2.144158492528391857e-01
5.781250000000000000e-01 1.998810178528536152e-01
5.859375000000000000e-01 1.854966495812149230e-01
5.937500000000000000e-01 1.713213872457708398e-01
6.015625000000000000e-01 1.574148890159335901e-01
6.093750000000000000e-01 1.438373039575046031e-01
6.171875000000000000e-01 1.306487390621517974e-01
6.250000000000000000e-01 1.179087231353037613e-01
6.328125000000000000e-01 1.056756729423123931e-01
6.406250000000000000e-01 9.400636699371833771e-02
6.484375000000000000e-01 8.295543227652957263e-02
6.562500000000000000e-01 7.257484911035216868e-02
6.640625000000000000e-01 6.291347912627420769e-02
6.718750000000000000e-01 5.401662113447236457e-02
6.796875000000000000e-01 4.592559936591755765e-02
6.875000000000000000e-01 3.867738824720801105e-02
6.953125000000000000e-01 3.230427749872299970e-02
7.031250000000000000e-01 2.683358093880172657e-02
7.109375000000000000e-01 2.228739193460749224e-02
7.187500000000000000e-01 1.868238796828802784e-02
7.265625000000000000e-01 1.602968628979084542e-02
7.343750000000000000e-01 1.433475211031276508e-02
7.421875000000000000e-01 1.359736025814650695e-02
7.500000000000000000e-01 1.381161067705127810e-02
7.578125000000000000e-01 1.496599760176930971e-02
7.656250000000000000e-01 1.704353170148653618e-02
7.734375000000000000e-01 2.002191394544383662e-02
7.812500000000000000e-01 2.387375942105340876e-02
7.890625000000000000e-01 2.856686882906045444e-02
7.968750000000000000e-01 3.406454489772259286e-02
8.046875000000000000e-01 4.032595050356102551e-02
8.125000000000000000e-01 4.730650486460508120e-02
8.203125000000000000e-01 5.495831378752602525e-02
8.281250000000000000e-01 6.323062960653602627e-02
8.359375000000000000e-01 7.207033615294711204e-02
8.437500000000000000e-01 8.142245384286528331e-02
8.515625000000000000e-01 9.123065976922628550e-02
8.593750000000000000e-01 1.014378175352930178e-01
8.671875000000000000e-01 1.119865114713624044e-01
8.750000000000000000e-01 1.228195798357352153e-01
8.828125000000000000e-01 1.338806416154045831e-01
8.906250000000000000e-01 1.451146116112496109e-01
8.984375000000000000e-01 1.564681986160900706e-01
9.062500000000000000e-01 1.678903816704868657e-01
9.140625000000000000e-01 1.793328596088428206e-01
9.218750000000000000e-01 1.907504693848669497e-01
9.296875000000000000e-01 2.021015689879581689e-01
9.375000000000000000e-01 2.133483811272514075e-01
9.453125000000000000e-01 2.244572942642208968e-01
9.531250000000000000e-01 2.353991180137132710e-01
9.609375000000000000e-01 2.461492904025894823e-01
9.687500000000000000e-01 2.566880349700200181e-01
9.765625000000000000e-01 2.670004662088026892e-01
9.843750000000000000e-01 2.770766423776231946e-01
9.921875000000000000e-01 2.869115652545122241e-01
1.000000000000000000e+00 2.965051269463496730e-01
1.007812500000000000e+00 3.058620044125689441e-01
1.015625000000000000e+00 3.149915028976458808e-01
1.023437500000000000e+00 3.239073499910647413e-01
1.031250000000000000e+00 3.326274425398573209e-01
1.039062500000000000e+00 3.411735491223391037e-01
1.046875000000000000e+00 3.495709712473856756e-01
1.054687500000000000e+00 3.578481668668407334e-01
1.062500000000000000e+00 3.660363401750810208e-01
1.070312500000000000e+00 3.741690020154764262e-01
1.078125000000000000e+00 3.822815055148802710e-01
1.085937500000000000e+00 3.904105618213589146e-01
1.093750000000000000e+00 3.985937410244398960e-01
1.101562500000000000e+00 4.068689634892289630e-01
1.109375000000000000e+00 3.972428132493753816e-01
1.117187500000000000e+00 3.833277782272103140e-01
1.125000000000000000e+00 3.698974097287003326e-01
1.132812500000000000e+00 3.570635247145645952e-01
1.140625000000000000e+00 3.449329386822891363e-01
1.148437500000000000e+00 3.336064105108417222e-01
1.156250000000000000e+00 3.231776475064767062e-01
1.164062500000000000e+00 3.137323807644416540e-01
1.171875000000000000e+00 3.053475202454969395e-01
1.179687500000000000e+00 2.980903981543009396e-01
1.187500000000000000e+00 2.920181083071837769e-01
1.195312500000000000e+00 2.871769481988066808e-01
1.203125000000000000e+00 2.836019694306932681e-01
1.210937500000000000e+00 2.813166410602944145e-01
1.218750000000000000e+00 2.803326292783974161e-01
1.226562500000000000e+00 2.806496956370593265e-01
1.234375000000000000e+00 2.822557148419706508e-01
1.242187500000000000e+00 2.851268119045304861e-01
1.250000000000000000e+00 2.892276172324435013e-01
1.257812500000000000e+00 2.945116370357117042e-01
1.265625000000000000e+00 3.009217352497943754e-01
1.273437500000000000e+00 3.083907220414299211e-01
1.281250000000000000e+00 3.168420428767833030e-01
1.289062500000000000e+00 3.063654650957702286e-01
1.296875000000000000e+00 2.910444091288428847e-01
1.304687500000000000e+00 2.757348105148726969e-01
1.312500000000000000e+00 2.604937095472590336e-01
1.320312500000000000e+00 2.453798390898360715e-01
1.328125000000000000e+00 2.304531175512647412e-01
1.335937500000000000e+00 2.157741269900459447e-01
1.343750000000000000e+00 2.014035815975516730e-01
1.351562500000000000e+00 1.874017919080243066e-01
1.359375000000000000e+00 1.738281301315180993e-01
1.367187500000000000e+00 1.607405019976548832e-01
1.375000000000000000e+00 1.481948304350461099e-01
1.382812500000000000e+00 1.362445562938079391e-01
1.390625000000000000e+00 1.249401611480513985e-01
1.398437500000000000e+00 1.143287169932777347e-01
1.406250000000000000e+00 1.044534673824741855e-01
1.414062500000000000e+00 9.535344422723501800e-02
1.421875000000000000e+00 8.706312412958283620e-02
1.429687500000000000e+00 7.961212771006365152e-02
1.437500000000000000e+00 7.302496496222798950e-02
1.445312500000000000e+00 6.732082919718451741e-02
1.453125000000000000e+00 6.251344164933847480e-02
1.460937500000000000e+00 5.861094830071278405e-02
1.468750000000000000e+00 5.561586995161105218e-02
1.476562500000000000e+00 5.352510602528937067e-02
1.484375000000000000e+00 5.232999204920385505e-02
1.492187500000000000e+00 5.201641021091252259e-02
1.500000000000000000e+00 5.256495184835441314e-02
1.507812500000000000e+00 5.395113020753306010e-02
1.515625000000000000e+00 5.614564129094690159e-02
1.523437500000000000e+00 5.911467013265558901e-02
1.531250000000000000e+00 6.282023937562675187e-02
1.539062500000000000e+00 6.722059659865364800e-02
1.546875000000000000e+00 7.227063644806253073e-02
1.554687500000000000e+00 7.792235327763474828e-02
1.562500000000000000e+00 8.412531969223790984e-02
1.570312500000000000e+00 9.082718612974027828e-02
1.578125000000000000e+00 9.797419640453741696e-02
1.585937500000000000e+00 1.055117139766010848e-01
1.593750000000000000e+00 1.133847536039933601e-01
1.601562500000000000e+00 1.215385129853461255e-01
1.609375000000000000e+00 1.299188990024366941e-01
1.617187500000000000e+00 1.384730432316061410e-01
1.625000000000000000e+00 1.471498015058150255e-01
1.632812500000000000e+00 1.559002324754255042e-01
1.640625000000000000e+00 1.646780503336349177e-01
1.648437500000000000e+00 1.734400471396537746e-01
1.656250000000000000e+00 1.821464804864718623e-01
1.664062500000000000e+00 1.907614226171829852e-01
1.671875000000000000e+00 1.992530674906997090e-01
1.679687500000000000e+00 2.075939927302151711e-01
1.687500000000000000e+00 2.157613738515403723e-01
1.695312500000000000e+00 2.237371486587294012e-01
1.703125000000000000e+00 2.315081302061748891e-01
1.710937500000000000e+00 2.390660672543933885e-01
1.718750000000000000e+00 2.464076516856248400e-01
1.726562500000000000e+00 2.535344728896200550e-01
1.734375000000000000e+00 2.604529196740512642e-01
1.742187500000000000e+00 2.671740307922523261e-01
1.750000000000000000e+00 2.737132957080206097e-01
1.757812500000000000e+00 2.800904077275612192e-01
1.765625000000000000e+00 2.863289721171460300e-01
1.773437500000000000e+00 2.924561722866825253e-01
1.781250000000000000e+00 2.985023975494172088e-01
1.789062500000000000e+00 3.045008363620715919e-01
1.796875000000000000e+00 3.104870393037610921e-01
1.804687500000000000e+00 3.164984563624694269e-01
1.812500000000000000e+00 3.225739533615070709e-01
1.820312500000000000e+00 3.287533125725147221e-01
1.828125000000000000e+00 3.350767227240383228e-01
1.835937500000000000e+00 3.415842637238424295e-01
1.843750000000000000e+00 3.483153914677954432e-01
1.851562500000000000e+00 3.481800997155306554e-01
1.859375000000000000e+00 3.369602006432323993e-01
1.867187500000000000e+00 3.264566612888630814e-01
1.875000000000000000e+00 3.167688699326831614e-01
1.882812500000000000e+00 3.079893080428766083e-01
1.890625000000000000e+00 3.002026150109083913e-01
1.898437500000000000e+00 2.934847308714875203e-01
1.906250000000000000e+00 2.879021257555212099e-01
1.914062500000000000e+00 2.835111239414318529e-01
1.921875000000000000e+00 2.803573294068337773e-01
1.929687500000000000e+00 2.784751587486686830e-01
1.937500000000000000e+00 2.778874862460596340e-01
1.945312500000000000e+00 2.786054046974961729e-01
1.953125000000000000e+00 2.806281044842245942e-01
1.960937500000000000e+00 2.839428721068889550e-01
1.968750000000000000e+00 2.885252082249075700e-01
1.976562500000000000e+00 2.943390640101586353e-01
1.984375000000000000e+00 3.013371934207764724e-01
1.992187500000000000e+00 3.094616178195095380e-01
2.000000000000000000e+00 3.186441982162393494e-01
