0.000000000000000000e+00 4.394449154672438240e+00
1.000000000000000056e-01 4.387827128491991857e+00
2.000000000000000111e-01 4.368505854142384237e+00
3.000000000000000444e-01 4.338183001754847723e+00
4.000000000000000222e-01 4.299864873024298539e+00
5.000000000000000000e-01 4.258003279264332974e+00
6.000000000000000888e-01 4.218411585202675340e+00
7.000000000000000666e-01 4.187701804584889942e+00
8.000000000000000444e-01 4.172084619990982901e+00
9.000000000000000222e-01 4.175739710480185884e+00
1.000000000000000000e+00 4.199445119558362194e+00
1.100000000000000089e+00 4.240258202699031642e+00
1.200000000000000178e+00 4.292464175408404969e+00
1.300000000000000044e+00 4.349223570653535376e+00
1.400000000000000133e+00 4.404099860956801393e+00
1.500000000000000000e+00 4.452003948928070720e+00
1.600000000000000089e+00 4.489555449452246272e+00
1.700000000000000178e+00 4.515083808657012199e+00
1.800000000000000044e+00 4.528487271428047301e+00
1.900000000000000133e+00 4.531072415987611457e+00
2.000000000000000000e+00 4.525399407243328120e+00
2.100000000000000089e+00 4.515084030179995267e+00
2.200000000000000178e+00 4.504464150156765712e+00
2.300000000000000266e+00 4.498044965593730460e+00
2.400000000000000355e+00 4.499722912163147903e+00
2.500000000000000000e+00 4.511946243793835798e+00
2.600000000000000089e+00 4.535109090312539948e+00
2.700000000000000178e+00 4.567453124308781476e+00
2.800000000000000266e+00 4.605528605334619385e+00
2.900000000000000355e+00 4.645000593845637127e+00
3.000000000000000000e+00 4.681479256434328384e+00
3.100000000000000089e+00 4.711143453400032932e+00
3.200000000000000178e+00 4.731091602002529761e+00
3.300000000000000266e+00 4.739470637439692879e+00
3.400000000000000355e+00 4.735469698955618867e+00
3.500000000000000000e+00 4.719247943775128462e+00
3.600000000000000089e+00 4.691831230561933630e+00
3.700000000000000178e+00 4.654981161207117246e+00
3.800000000000000266e+00 4.611020826123120031e+00
3.900000000000000355e+00 4.562598920976593142e+00
4.000000000000000000e+00 4.512390536264231145e+00
4.100000000000000533e+00 4.462766440344712926e+00
4.200000000000000178e+00 4.415499376698656775e+00
4.299999999999999822e+00 4.371591926554124541e+00
4.400000000000000355e+00 4.331286823074864678e+00
4.500000000000000000e+00 4.294262496777081495e+00
4.600000000000000533e+00 4.259955009604021292e+00
4.700000000000000178e+00 4.227914935334506907e+00
4.800000000000000711e+00 4.198112454414069106e+00
4.900000000000000355e+00 4.171128845978299360e+00
5.000000000000000000e+00 4.148195708911365465e+00
5.100000000000000533e+00 4.131057343334321175e+00
5.200000000000000178e+00 4.121648517225644071e+00
5.300000000000000711e+00 4.121618738273033600e+00
5.400000000000000355e+00 4.131799729659401343e+00
5.500000000000000000e+00 4.151774536174583474e+00
5.600000000000000533e+00 4.179708516343863423e+00
5.700000000000000178e+00 4.212514606164589281e+00
5.800000000000000711e+00 4.246290404372894400e+00
5.900000000000000355e+00 4.276870710421586175e+00
6.000000000000000000e+00 4.300337814638642620e+00
6.100000000000000533e+00 4.313400151312403175e+00
6.200000000000000178e+00 4.313629359118380080e+00
6.300000000000000711e+00 4.299596418876301840e+00
6.400000000000000355e+00 4.270962912053707150e+00
6.500000000000000000e+00 4.228573981492548484e+00
6.600000000000000533e+00 4.174573826373755736e+00
6.700000000000000178e+00 4.112521872591370808e+00
6.800000000000000711e+00 4.047422892989183119e+00
6.900000000000000355e+00 3.985505539702618449e+00
7.000000000000000000e+00 3.933543948624647069e+00
7.100000000000000533e+00 3.897626747736433028e+00
7.200000000000000178e+00 3.881614535528745691e+00
7.300000000000000711e+00 3.885927348860469976e+00
7.400000000000000355e+00 3.907339473654948492e+00
7.500000000000000000e+00 3.939920723888467258e+00
7.600000000000000533e+00 3.976593005209110299e+00
7.700000000000000178e+00 4.010580365006581438e+00
7.800000000000000711e+00 4.036349700060576140e+00
7.900000000000000355e+00 4.050043514639632747e+00
8.000000000000000000e+00 4.049605339009492155e+00
8.099999999999999645e+00 4.034799557226851796e+00
8.200000000000001066e+00 4.007241228172135017e+00
8.300000000000000711e+00 3.970445034452128930e+00
8.400000000000000355e+00 3.929788576889543972e+00
8.500000000000000000e+00 3.892173869930021457e+00
8.599999999999999645e+00 3.865130983689992306e+00
8.700000000000001066e+00 3.855281988955839623e+00
8.800000000000000711e+00 3.866540781396803794e+00
8.900000000000000355e+00 3.898880039963776412e+00
9.000000000000000000e+00 3.948387589975351109e+00
9.099999999999999645e+00 4.008558094489564461e+00
9.200000000000001066e+00 4.072042238944706405e+00
9.300000000000000711e+00 4.132054364493125576e+00
9.400000000000000355e+00 4.183123535871025922e+00
9.500000000000000000e+00 4.221303843695716651e+00
9.600000000000001421e+00 4.244105252961816177e+00
9.700000000000001066e+00 4.250362403266050748e+00
9.800000000000000711e+00 4.240168352201162172e+00
9.900000000000000355e+00 4.214927355414950227e+00
1.000000000000000000e+01 4.177525098109304835e+00
1.010000000000000142e+01 4.132549641355510062e+00
1.020000000000000107e+01 4.086395563380944118e+00
1.030000000000000071e+01 4.046958577137193203e+00
1.040000000000000036e+01 4.022588364225513580e+00
1.050000000000000000e+01 4.020230471921070858e+00
1.060000000000000142e+01 4.043334217193135238e+00
1.070000000000000107e+01 4.090657875324642312e+00
1.080000000000000071e+01 4.156775126404531839e+00
1.090000000000000036e+01 4.233950366285491818e+00
1.100000000000000000e+01 4.314259663283625201e+00
1.110000000000000142e+01 4.391062873277348899e+00
1.120000000000000107e+01 4.459633556627158768e+00
1.130000000000000071e+01 4.517203660084290640e+00
1.140000000000000036e+01 4.562744885861231836e+00
1.150000000000000000e+01 4.596693222297719927e+00
1.160000000000000142e+01 4.620695916517665758e+00
1.170000000000000107e+01 4.637374470544964211e+00
1.180000000000000071e+01 4.650051386875167836e+00
1.190000000000000036e+01 4.662377232089082391e+00
1.200000000000000000e+01 4.677824375622870789e+00
1.210000000000000142e+01 4.699089167602093831e+00
1.220000000000000107e+01 4.727540616356439074e+00
1.230000000000000071e+01 4.762905555232898713e+00
1.240000000000000036e+01 4.803325108678517807e+00
1.250000000000000000e+01 4.845768780559795985e+00
1.260000000000000142e+01 4.886649958082426970e+00
1.270000000000000107e+01 4.922443407519971892e+00
1.280000000000000071e+01 4.950164671507652159e+00
1.290000000000000036e+01 4.967666085376650997e+00
1.300000000000000000e+01 4.973772476605338611e+00
1.310000000000000142e+01 4.968303216396589228e+00
1.320000000000000107e+01 4.952019127137914367e+00
1.330000000000000071e+01 4.926512456958655584e+00
1.340000000000000036e+01 4.894040017105801610e+00
1.350000000000000000e+01 4.857292102329075156e+00
1.360000000000000142e+01 4.819097637219162067e+00
1.370000000000000107e+01 4.782089059115131491e+00
1.380000000000000071e+01 4.748380458180013974e+00
1.390000000000000036e+01 4.719332224437129852e+00
1.400000000000000000e+01 4.695467088126834554e+00
1.410000000000000142e+01 4.676562395024848939e+00
1.420000000000000107e+01 4.661889450038074756e+00
1.430000000000000071e+01 4.650530144925649090e+00
1.440000000000000036e+01 4.641689889947859804e+00
1.450000000000000000e+01 4.634939618257327254e+00
1.460000000000000142e+01 4.630342801937837649e+00
1.470000000000000107e+01 4.628444763133682471e+00
1.480000000000000071e+01 4.630121092318166376e+00
1.490000000000000036e+01 4.636306591964626023e+00
1.500000000000000000e+01 4.647658946920653733e+00
1.510000000000000142e+01 4.664242453609013239e+00
1.520000000000000107e+01 4.685325481414418292e+00
1.530000000000000071e+01 4.709354912435033569e+00
1.540000000000000036e+01 4.734110020985816902e+00
1.550000000000000000e+01 4.756979404329491068e+00
1.560000000000000142e+01 4.775279073642529681e+00
1.570000000000000107e+01 4.786544174010796127e+00
1.580000000000000071e+01 4.788763183690746494e+00
1.590000000000000036e+01 4.780558562987387461e+00
1.600000000000000000e+01 4.761338061549711398e+00
1.610000000000000142e+01 4.731443482804921885e+00
1.619999999999999929e+01 4.692309807343731265e+00
1.630000000000000071e+01 4.646616310811898742e+00
1.640000000000000213e+01 4.598360322876077433e+00
1.650000000000000000e+01 4.552720769490919750e+00
1.660000000000000142e+01 4.515541247389197821e+00
1.669999999999999929e+01 4.492333147380460190e+00
1.680000000000000071e+01 4.486947941727848388e+00
1.690000000000000213e+01 4.500402966632073287e+00
1.700000000000000000e+01 4.530455055355008476e+00
1.710000000000000142e+01 4.572168598217003499e+00
1.719999999999999929e+01 4.619157826998590899e+00
1.730000000000000071e+01 4.664902307837429873e+00
1.740000000000000213e+01 4.703701421184731224e+00
1.750000000000000000e+01 4.731172385088912691e+00
1.760000000000000142e+01 4.744419075544961117e+00
1.769999999999999929e+01 4.742047383399643046e+00
1.780000000000000071e+01 4.724154278910830840e+00
1.790000000000000213e+01 4.692344233831530431e+00
1.800000000000000000e+01 4.649753950355023591e+00
1.810000000000000142e+01 4.600994481147273163e+00
1.819999999999999929e+01 4.551856802125672452e+00
1.830000000000000071e+01 4.508617893770885843e+00
1.840000000000000213e+01 4.476908830940990569e+00
1.850000000000000000e+01 4.460391838340274084e+00
1.860000000000000142e+01 4.459776262920660095e+00
1.869999999999999929e+01 4.472672038166119357e+00
1.880000000000000071e+01 4.494340384876356786e+00
1.890000000000000213e+01 4.518911942547141791e+00
1.900000000000000000e+01 4.540520017292292820e+00
1.910000000000000142e+01 4.554038464445145706e+00
1.920000000000000284e+01 4.555416853566622848e+00
1.930000000000000071e+01 4.541763157749684865e+00
1.940000000000000213e+01 4.511337330525915235e+00
1.950000000000000000e+01 4.463569811273478294e+00
1.960000000000000142e+01 4.399164173253364396e+00
1.970000000000000284e+01 4.320295452072654641e+00
1.980000000000000071e+01 4.230860353077901870e+00
1.990000000000000213e+01 4.136649998856915644e+00
2.000000000000000000e+01 4.045198846980563978e+00
2.010000000000000142e+01 3.964988287355747598e+00
2.020000000000000284e+01 3.903834031322363174e+00
2.030000000000000071e+01 3.866811334684788104e+00
2.040000000000000213e+01 3.854697215763209783e+00
2.050000000000000000e+01 3.863894386587602980e+00
2.060000000000000142e+01 3.887875144774088909e+00
2.070000000000000284e+01 3.919221311726351242e+00
2.080000000000000071e+01 3.951263559866542430e+00
2.090000000000000213e+01 3.978930490266288977e+00
2.100000000000000000e+01 3.998957471664817298e+00
2.110000000000000142e+01 4.009767535844604325e+00
2.120000000000000284e+01 4.011256333934132279e+00
2.130000000000000071e+01 4.004579747850701033e+00
2.140000000000000213e+01 3.991940853198129524e+00
2.150000000000000000e+01 3.976316977894737370e+00
2.160000000000000142e+01 3.961058414833835251e+00
2.170000000000000284e+01 3.949334716455446426e+00
2.180000000000000071e+01 3.943499402596064130e+00
2.190000000000000213e+01 3.944546802534737218e+00
2.200000000000000000e+01 3.951865019087189790e+00
2.210000000000000142e+01 3.963393756368837284e+00
2.220000000000000284e+01 3.976123497805244433e+00
2.230000000000000071e+01 3.986744998460657996e+00
2.240000000000000213e+01 3.992252093243962907e+00
2.250000000000000000e+01 3.990386316984818382e+00
2.260000000000000142e+01 3.979907075897787472e+00
2.270000000000000284e+01 3.960722090597947442e+00
2.280000000000000071e+01 3.933913911591585766e+00
2.290000000000000213e+01 3.901669456938116731e+00
2.300000000000000000e+01 3.867085235459644110e+00
2.310000000000000142e+01 3.833805681369877316e+00
2.320000000000000284e+01 3.805479922424372496e+00
2.330000000000000071e+01 3.785103324436160044e+00
2.340000000000000213e+01 3.774412996876868931e+00
2.350000000000000000e+01 3.773553037270553023e+00
2.360000000000000142e+01 3.781148766019058804e+00
2.370000000000000284e+01 3.794757795319259497e+00
2.380000000000000071e+01 3.811517832979335552e+00
2.390000000000000213e+01 3.828780693981150840e+00
2.400000000000000000e+01 3.844595039941760106e+00
2.410000000000000142e+01 3.857995065498815102e+00
2.420000000000000284e+01 3.869106115356723663e+00
2.430000000000000071e+01 3.879082233446478511e+00
2.440000000000000213e+01 3.889872003135403933e+00
2.450000000000000000e+01 3.903804582927574707e+00
2.460000000000000142e+01 3.923025435014083406e+00
2.470000000000000284e+01 3.948889439022968517e+00
2.480000000000000071e+01 3.981490773388526527e+00
2.490000000000000213e+01 4.019502175019753487e+00
2.500000000000000000e+01 4.060383047929018829e+00
2.510000000000000142e+01 4.100860887524921949e+00
2.520000000000000284e+01 4.137499933175588396e+00
2.530000000000000071e+01 4.167191580363788006e+00
2.540000000000000213e+01 4.187491073030707334e+00
2.550000000000000000e+01 4.196814311903568573e+00
2.560000000000000142e+01 4.194558502560886026e+00
2.570000000000000284e+01 4.181219185904850200e+00
2.580000000000000071e+01 4.158554443077479235e+00
2.590000000000000213e+01 4.129796971877392586e+00
2.600000000000000000e+01 4.099827517498907170e+00
2.610000000000000142e+01 4.075099044970179385e+00
2.620000000000000284e+01 4.062999312762212156e+00
2.630000000000000071e+01 4.070427002303723896e+00
2.640000000000000213e+01 4.101810414218884482e+00
2.650000000000000000e+01 4.157445935801456827e+00
2.660000000000000142e+01 4.233182968279146863e+00
2.670000000000000284e+01 4.321691469799079144e+00
2.680000000000000071e+01 4.414511211363513432e+00
2.690000000000000213e+01 4.503831398735925085e+00
2.700000000000000000e+01 4.583487116609996193e+00
2.710000000000000142e+01 4.649251676847432790e+00
2.720000000000000284e+01 4.698737541894715264e+00
2.730000000000000071e+01 4.731175912550294349e+00
2.740000000000000213e+01 4.747223395250991906e+00
2.750000000000000000e+01 4.748842139489948266e+00
2.760000000000000142e+01 4.739229172665265999e+00
2.770000000000000284e+01 4.722715639491369188e+00
2.780000000000000071e+01 4.704512424056590092e+00
2.790000000000000213e+01 4.690170845867685401e+00
2.800000000000000000e+01 4.684709096741209500e+00
2.810000000000000142e+01 4.691554684675572240e+00
2.820000000000000284e+01 4.711678708820337569e+00
2.830000000000000071e+01 4.743335835929473276e+00
2.840000000000000213e+01 4.782553890041571165e+00
2.850000000000000000e+01 4.824124155935407110e+00
2.860000000000000142e+01 4.862653512739686157e+00
2.870000000000000284e+01 4.893351078866492898e+00
2.880000000000000071e+01 4.912459507026007977e+00
2.890000000000000213e+01 4.917411371566382527e+00
2.900000000000000000e+01 4.906842628446136167e+00
2.910000000000000142e+01 4.880572145238705417e+00
2.920000000000000284e+01 4.839609653019172342e+00
2.930000000000000071e+01 4.786206406680653558e+00
2.940000000000000213e+01 4.723913096559689606e+00
2.950000000000000000e+01 4.657553019685387596e+00
2.960000000000000142e+01 4.592965617367680053e+00
2.970000000000000284e+01 4.536372050629428720e+00
2.980000000000000071e+01 4.493334858192509884e+00
2.990000000000000213e+01 4.467549821582400327e+00
3.000000000000000000e+01 4.459965738728490336e+00
3.010000000000000142e+01 4.468692406830726327e+00
3.020000000000000284e+01 4.489747902735521379e+00
3.030000000000000071e+01 4.518240172912475039e+00
3.040000000000000213e+01 4.549458294256418789e+00
3.050000000000000000e+01 4.579568790419952684e+00
3.060000000000000142e+01 4.605896181000209033e+00
3.070000000000000284e+01 4.626918303681156530e+00
3.080000000000000071e+01 4.642119906329329027e+00
3.090000000000000213e+01 4.651797271655147448e+00
3.100000000000000000e+01 4.656850872457773960e+00
3.110000000000000142e+01 4.658566690728013882e+00
3.120000000000000284e+01 4.658375216740854974e+00
3.130000000000000071e+01 4.657588342832711170e+00
3.140000000000000213e+01 4.657140690549037565e+00
3.150000000000000000e+01 4.657388006582283246e+00
3.160000000000000142e+01 4.658021911103716661e+00
3.170000000000000284e+01 4.658136651864563049e+00
3.180000000000000071e+01 4.656438346712002740e+00
3.190000000000000213e+01 4.651544862026407046e+00
3.200000000000000000e+01 4.642306287977350898e+00
3.210000000000000142e+01 4.628084679735790630e+00
3.220000000000000284e+01 4.608953385671920699e+00
3.230000000000000426e+01 4.585794117397400171e+00
3.239999999999999858e+01 4.560276062265943509e+00
3.250000000000000000e+01 4.534700029403049726e+00
3.260000000000000142e+01 4.511695261712041827e+00
3.270000000000000284e+01 4.493782568085768148e+00
3.280000000000000426e+01 4.482869583673637415e+00
3.289999999999999858e+01 4.479802052282206404e+00
3.300000000000000000e+01 4.484115489750334582e+00
3.310000000000000142e+01 4.494080235288915759e+00
3.320000000000000284e+01 4.507026337765468682e+00
3.330000000000000426e+01 4.519837685561602925e+00
3.339999999999999858e+01 4.529473901809065062e+00
3.350000000000000000e+01 4.533415189835844572e+00
3.360000000000000142e+01 4.529987336896446948e+00
3.370000000000000284e+01 4.518569313958292533e+00
3.380000000000000426e+01 4.499697448210033812e+00
3.389999999999999858e+01 4.475063139396011636e+00
3.400000000000000000e+01 4.447371720362573555e+00
3.410000000000000142e+01 4.420011535121078694e+00
3.420000000000000284e+01 4.396503651997585749e+00
3.430000000000000426e+01 4.379784358255665921e+00
3.439999999999999858e+01 4.371492912096313077e+00
3.450000000000000000e+01 4.371512229857360765e+00
3.460000000000000142e+01 4.377948439669129499e+00
3.470000000000000284e+01 4.387545159754228763e+00
3.480000000000000426e+01 4.396342412985231540e+00
3.489999999999999858e+01 4.400337187103842140e+00
3.500000000000000000e+01 4.395985657475108610e+00
3.510000000000000142e+01 4.380513076025178698e+00
3.520000000000000284e+01 4.352085780506058654e+00
3.530000000000000426e+01 4.309931398757784748e+00
3.539999999999999858e+01 4.254485968573074928e+00
3.550000000000000000e+01 4.187617758552299563e+00
3.560000000000000142e+01 4.112925472677539496e+00
3.570000000000000284e+01 4.036013215539924204e+00
3.580000000000000426e+01 3.964490993285992193e+00
3.589999999999999858e+01 3.907294788826666476e+00
3.600000000000000000e+01 3.872984163829746862e+00
3.610000000000000142e+01 3.867248186911467212e+00
3.620000000000000284e+01 3.890762865096251133e+00
3.630000000000000426e+01 3.938798809734023187e+00
3.639999999999999858e+01 4.002876034909193415e+00
3.650000000000000000e+01 4.073333233780657814e+00
3.660000000000000142e+01 4.141429367302819742e+00
3.670000000000000284e+01 4.200407163742118755e+00
3.680000000000000426e+01 4.245716458729651421e+00
3.689999999999999858e+01 4.274826278059617124e+00
3.700000000000000000e+01 4.286948088153151204e+00
3.710000000000000142e+01 4.282825809826452890e+00
3.720000000000000284e+01 4.264628585045261211e+00
3.730000000000000426e+01 4.235906419410389034e+00
3.739999999999999858e+01 4.201508351636984884e+00
3.750000000000000000e+01 4.167308985408586963e+00
3.760000000000000142e+01 4.139576134174425270e+00
3.770000000000000284e+01 4.123915152619859192e+00
3.780000000000000426e+01 4.123987586957508000e+00
3.789999999999999858e+01 4.140496478572634587e+00
3.800000000000000000e+01 4.170959306039851100e+00
3.810000000000000142e+01 4.210404262640556894e+00
3.820000000000000284e+01 4.252618632704488810e+00
3.830000000000000426e+01 4.291388604268102647e+00
3.840000000000000568e+01 4.321368490659348360e+00
3.850000000000000000e+01 4.338526815613754195e+00
3.860000000000000142e+01 4.340301868708586142e+00
3.870000000000000284e+01 4.325631969553599632e+00
3.880000000000000426e+01 4.294979453213391807e+00
3.890000000000000568e+01 4.250401450494683431e+00
3.900000000000000000e+01 4.195650631007632470e+00
3.910000000000000142e+01 4.136207174717155155e+00
3.920000000000000284e+01 4.079051217620100367e+00
3.930000000000000426e+01 4.031936385037328208e+00
3.940000000000000568e+01 4.002043808482072862e+00
3.950000000000000000e+01 3.994275415019050701e+00
3.960000000000000142e+01 4.009901687880068621e+00
3.970000000000000284e+01 4.046317217137681332e+00
3.980000000000000426e+01 4.098040969489297858e+00
3.990000000000000568e+01 4.158351406536690220e+00
4.000000000000000000e+01 4.220762201003689817e+00
4.010000000000000142e+01 4.279919448127211368e+00
4.020000000000000284e+01 4.331939150385776927e+00
4.030000000000000426e+01 4.374398655349460263e+00
4.040000000000000568e+01 4.406181639764055191e+00
4.050000000000000000e+01 4.427289796509246145e+00
4.060000000000000142e+01 4.438657919292324117e+00
4.070000000000000284e+01 4.441963836005042410e+00
4.080000000000000426e+01 4.439407294400440129e+00
4.090000000000000568e+01 4.433437011949685314e+00
4.100000000000000000e+01 4.426429153667647221e+00
4.110000000000000142e+01 4.420356427792934362e+00
4.120000000000000284e+01 4.416518627151619469e+00
4.130000000000000426e+01 4.415411261452526936e+00
4.140000000000000568e+01 4.416777300734378464e+00
4.150000000000000000e+01 4.419830208720087583e+00
4.160000000000000142e+01 4.423584833209937450e+00
4.170000000000000284e+01 4.427211165785450042e+00
4.180000000000000426e+01 4.430335640817883558e+00
4.190000000000000568e+01 4.433237815311315444e+00
4.200000000000000000e+01 4.436909151453233058e+00
4.210000000000000142e+01 4.442951195277000664e+00
4.220000000000000284e+01 4.453303552525509801e+00
4.230000000000000426e+01 4.469823724942753707e+00
4.240000000000000568e+01 4.493795521161041862e+00
4.250000000000000000e+01 4.525497929753170112e+00
4.260000000000000142e+01 4.563977849076125359e+00
4.270000000000000284e+01 4.607108867186971324e+00
4.280000000000000426e+01 4.651909283995930622e+00
4.290000000000000568e+01 4.695003197627642066e+00
4.300000000000000000e+01 4.733089105271385932e+00
4.310000000000000142e+01 4.763324454566261856e+00
4.320000000000000284e+01 4.783597802258103826e+00
4.330000000000000426e+01 4.792704444739184666e+00
4.340000000000000568e+01 4.790454113677250270e+00
4.350000000000000000e+01 4.777726449229737327e+00
4.360000000000000142e+01 4.756462566325546426e+00
4.370000000000000284e+01 4.729550847291664972e+00
4.380000000000000426e+01 4.700548103696587710e+00
4.390000000000000568e+01 4.673196415997069586e+00
4.400000000000000000e+01 4.650769974063337031e+00
4.410000000000000142e+01 4.635399233505299144e+00
4.420000000000000284e+01 4.627599610595544810e+00
4.430000000000000426e+01 4.626191456373311084e+00
4.440000000000000568e+01 4.628632094221194038e+00
4.450000000000000000e+01 4.631601739337604329e+00
4.460000000000000142e+01 4.631619453541635956e+00
4.470000000000000284e+01 4.625531399448872705e+00
4.480000000000000426e+01 4.610831541875717754e+00
4.490000000000000568e+01 4.585863132912034956e+00
4.500000000000000000e+01 4.549980442340416431e+00
4.510000000000000142e+01 4.503735874221751700e+00
4.520000000000000284e+01 4.449113489935726307e+00
4.530000000000000426e+01 4.389758434356440198e+00
4.540000000000000568e+01 4.331049660926342249e+00
4.550000000000000000e+01 4.279756502126201845e+00
4.560000000000000142e+01 4.243014074814242420e+00
4.570000000000000284e+01 4.226620394561710903e+00
4.580000000000000426e+01 4.233214592125940534e+00
4.590000000000000568e+01 4.261302150136772937e+00
4.600000000000000000e+01 4.305746866513890936e+00
4.610000000000000142e+01 4.359398751363827706e+00
4.620000000000000284e+01 4.414909364750163157e+00
4.630000000000000426e+01 4.465992185164204820e+00
4.640000000000000568e+01 4.507964907659641973e+00
4.650000000000000000e+01 4.537791503514583269e+00
4.660000000000000142e+01 4.553909989147815196e+00
4.670000000000000284e+01 4.556044492354452302e+00
4.680000000000000426e+01 4.545094013630526675e+00
4.690000000000000568e+01 4.523109229080666260e+00
4.700000000000000000e+01 4.493306015254495911e+00
4.710000000000000142e+01 4.460006766432501379e+00
4.720000000000000284e+01 4.428355648674678235e+00
4.730000000000000426e+01 4.403666734858898479e+00
4.740000000000000568e+01 4.390401172981759359e+00
4.750000000000000000e+01 4.391033589921505609e+00
4.760000000000000142e+01 4.405291068474451066e+00
4.770000000000000284e+01 4.430170980569426931e+00
4.780000000000000426e+01 4.460736452806381536e+00
4.790000000000000568e+01 4.491282933436967717e+00
4.800000000000000000e+01 4.516395782128830305e+00
4.810000000000000142e+01 4.531642112869775474e+00
4.820000000000000284e+01 4.533900466022785736e+00
4.830000000000000426e+01 4.521463596649044625e+00
4.840000000000000568e+01 4.494056064694731845e+00
4.850000000000000000e+01 4.452854936144708731e+00
4.860000000000000142e+01 4.400532655316210295e+00
4.870000000000000284e+01 4.341267229287879559e+00
4.880000000000000426e+01 4.280589558613495882e+00
4.890000000000000568e+01 4.224889736664360740e+00
4.900000000000000000e+01 4.180457689401944066e+00
4.910000000000000142e+01 4.152164027781156008e+00
4.920000000000000284e+01 4.142227627942722812e+00
4.930000000000000426e+01 4.149671217281921898e+00
4.940000000000000568e+01 4.170768297248210743e+00
4.950000000000000000e+01 4.200216371712691021e+00
4.960000000000000142e+01 4.232440593164252363e+00
4.970000000000000284e+01 4.262557740133013695e+00
4.980000000000000426e+01 4.286866549666119575e+00
4.990000000000000568e+01 4.302969609241001692e+00
5.000000000000000000e+01 4.309692475279243595e+00
5.010000000000000142e+01 4.306921324433518272e+00
5.020000000000000284e+01 4.295414085600198106e+00
5.030000000000000426e+01 4.276591582166534344e+00
5.040000000000000568e+01 4.252294507854857741e+00
5.050000000000000000e+01 4.224497856997479595e+00
5.060000000000000142e+01 4.195000784025822327e+00
5.070000000000000284e+01 4.165143559725883016e+00
5.080000000000000426e+01 4.135623456394771580e+00
5.090000000000000568e+01 4.106469535340819377e+00
5.100000000000000000e+01 4.077192291303190608e+00
5.110000000000000142e+01 4.047070819424002153e+00
5.120000000000000284e+01 4.015506824156685362e+00
5.130000000000000426e+01 3.982373313718867713e+00
5.140000000000000568e+01 3.948303747763895810e+00
5.150000000000000000e+01 3.914881175000779479e+00
5.160000000000000142e+01 3.884680704729817080e+00
5.170000000000000284e+01 3.861097438604533139e+00
5.180000000000000426e+01 3.847887283380107881e+00
5.190000000000000568e+01 3.848409406337829797e+00
5.200000000000000000e+01 3.864710939649148358e+00
5.210000000000000142e+01 3.896767675262426067e+00
5.220000000000000284e+01 3.942226525590173392e+00
5.230000000000000426e+01 3.996787975935932824e+00
5.240000000000000568e+01 4.055048157717282997e+00
5.250000000000000000e+01 4.111442518254336598e+00
5.260000000000000142e+01 4.160997153581971197e+00
5.270000000000000284e+01 4.199781802699432021e+00
5.280000000000000426e+01 4.225111571259818177e+00
5.290000000000000568e+01 4.235603027039904767e+00
5.300000000000000000e+01 4.231178819191837803e+00
5.310000000000000142e+01 4.213073680119656217e+00
5.320000000000000284e+01 4.183844898145019364e+00
5.330000000000000426e+01 4.147336325322785733e+00
5.340000000000000568e+01 4.108491090406888091e+00
5.350000000000000000e+01 4.072879640879609298e+00
5.360000000000000142e+01 4.045861646445754189e+00
5.370000000000000284e+01 4.031480571523538003e+00
5.380000000000000426e+01 4.031441502415065159e+00
5.390000000000000568e+01 4.044635542627286640e+00
5.400000000000000000e+01 4.067461188634638347e+00
5.410000000000000142e+01 4.094771341930329100e+00
5.420000000000000284e+01 4.120998798470433044e+00
5.430000000000000426e+01 4.141070262703871130e+00
5.440000000000000568e+01 4.150966220213985203e+00
5.450000000000000000e+01 4.147992716448232642e+00
5.460000000000000142e+01 4.130911021576860520e+00
5.470000000000000284e+01 4.100055229631456299e+00
5.480000000000000426e+01 4.057507820706287127e+00
5.490000000000000568e+01 4.007316474625637781e+00
5.500000000000000000e+01 3.955611189291216689e+00
5.510000000000000142e+01 3.910325956344860021e+00
5.520000000000000284e+01 3.880148927522144575e+00
5.530000000000000426e+01 3.872560420562737526e+00
5.540000000000000568e+01 3.891510628731618127e+00
5.550000000000000000e+01 3.935971055888197512e+00
5.560000000000000142e+01 4.000331659177558841e+00
5.570000000000000284e+01 4.076360424535622862e+00
5.580000000000000426e+01 4.155487529640034872e+00
5.590000000000000568e+01 4.230388685798261328e+00
5.600000000000000000e+01 4.295636961325999259e+00
5.610000000000000142e+01 4.347714544391990010e+00
5.620000000000000284e+01 4.384755909788304429e+00
5.630000000000000426e+01 4.406270050903868807e+00
5.640000000000000568e+01 4.412956440208139597e+00
5.650000000000000000e+01 4.406642041015441436e+00
5.660000000000000142e+01 4.390309555017398502e+00
5.670000000000000284e+01 4.368133112261103790e+00
5.680000000000000426e+01 4.345376006993355134e+00
5.690000000000000568e+01 4.327962302492623259e+00
5.700000000000000000e+01 4.321586649335938723e+00
5.710000000000000142e+01 4.330455416371684407e+00
5.720000000000000284e+01 4.356098034121841600e+00
5.730000000000000426e+01 4.396855625532733569e+00
5.740000000000000568e+01 4.448365750445657518e+00
5.750000000000000000e+01 4.504787664837565764e+00
5.760000000000000142e+01 4.560166946839320445e+00
5.770000000000000284e+01 4.609457526664655802e+00
5.780000000000000426e+01 4.649060480169451282e+00
5.790000000000000568e+01 4.676986624315603969e+00
5.800000000000000000e+01 4.692814810949608173e+00
5.810000000000000142e+01 4.697571205425406404e+00
5.820000000000000284e+01 4.693578317738902328e+00
5.830000000000000426e+01 4.684255199080853416e+00
5.840000000000000568e+01 4.673806006649667388e+00
5.850000000000000000e+01 4.666728278737882540e+00
5.860000000000000142e+01 4.667126962627968112e+00
5.870000000000000284e+01 4.677939030449898894e+00
5.880000000000000426e+01 4.700299897495152202e+00
5.890000000000000568e+01 4.733306169256948692e+00
5.900000000000000000e+01 4.774285035583348602e+00
5.910000000000000142e+01 4.819451387083658389e+00
5.920000000000000284e+01 4.864688795517106534e+00
5.930000000000000426e+01 4.906213032577136701e+00
5.940000000000000568e+01 4.941002788796491352e+00
5.950000000000000000e+01 4.967001287843726409e+00
5.960000000000000142e+01 4.983149549204613393e+00
5.970000000000000284e+01 4.989315011183691695e+00
5.980000000000000426e+01 4.986157986493410910e+00
5.990000000000000568e+01 4.974956209616345326e+00
6.000000000000000000e+01 4.957395501527178006e+00
6.010000000000000142e+01 4.935334918327944465e+00
6.020000000000000284e+01 4.910565158108360251e+00
6.030000000000000426e+01 4.884592814443387887e+00
6.040000000000000568e+01 4.858490857749746539e+00
6.050000000000000000e+01 4.832849541655180658e+00
6.060000000000000142e+01 4.807840909460642465e+00
6.070000000000000284e+01 4.783382321071240284e+00
6.080000000000000426e+01 4.759361859687389007e+00
6.090000000000000568e+01 4.735878357378783932e+00
6.100000000000000000e+01 4.713449378726193295e+00
6.110000000000000142e+01 4.693144471077626889e+00
6.120000000000000284e+01 4.676602974797040346e+00
6.130000000000000426e+01 4.665898733451323110e+00
6.140000000000000568e+01 4.663230681664977340e+00
6.150000000000000000e+01 4.670462740590500594e+00
6.160000000000000142e+01 4.688606843519878886e+00
6.170000000000000284e+01 4.717405037276592772e+00
6.180000000000000426e+01 4.755166091469794409e+00
6.190000000000000568e+01 4.798924311170948087e+00
6.200000000000000000e+01 4.844858489428672144e+00
6.210000000000000142e+01 4.888821274629037816e+00
6.220000000000000284e+01 4.926829828587419691e+00
6.230000000000000426e+01 4.955433429109321608e+00
6.240000000000000568e+01 4.971947230072829349e+00
6.250000000000000000e+01 4.974587050005080613e+00
6.260000000000000142e+01 4.962552607396347071e+00
6.270000000000000284e+01 4.936096816391694730e+00
6.280000000000000426e+01 4.896596769830917850e+00
6.290000000000000568e+01 4.846611462764292888e+00
6.300000000000000000e+01 4.789872306299261417e+00
6.310000000000000142e+01 4.731111243539380951e+00
6.320000000000000284e+01 4.675613053486246784e+00
6.330000000000000426e+01 4.628431294049840439e+00
6.340000000000000568e+01 4.593368122112942764e+00
6.350000000000000000e+01 4.572033220933223063e+00
6.360000000000000142e+01 4.563389116908355803e+00
6.370000000000000284e+01 4.564007524467454502e+00
6.380000000000000426e+01 4.568900634451956932e+00
6.390000000000000568e+01 4.572545410635673768e+00
6.400000000000000000e+01 4.569752215527191908e+00
6.410000000000000853e+01 4.556234392739299643e+00
6.420000000000000284e+01 4.528921173813208689e+00
6.429999999999999716e+01 4.486136430617009729e+00
6.440000000000000568e+01 4.427760492185329966e+00
6.450000000000000000e+01 4.355444112668905632e+00
6.460000000000000853e+01 4.272868149026884055e+00
6.470000000000000284e+01 4.185927736848558567e+00
6.479999999999999716e+01 4.102563610542813599e+00
6.490000000000000568e+01 4.031850118944477757e+00
6.500000000000000000e+01 3.982113104720379049e+00
6.510000000000000853e+01 3.958498000503059444e+00
6.520000000000000284e+01 3.961192032438531019e+00
6.529999999999999716e+01 3.985451820132730916e+00
6.540000000000000568e+01 4.023385521405819176e+00
6.550000000000000000e+01 4.066294223727910939e+00
6.560000000000000853e+01 4.106414649582900367e+00
6.570000000000000284e+01 4.137708275206986031e+00
6.579999999999999716e+01 4.155955414004166570e+00
6.590000000000000568e+01 4.158547710098066119e+00
6.600000000000000000e+01 4.144254898552663491e+00
6.610000000000000853e+01 4.113097723069738976e+00
6.620000000000000284e+01 4.066363659809159259e+00
6.629999999999999716e+01 4.006743382296646061e+00
6.640000000000000568e+01 3.938509437438801886e+00
6.650000000000000000e+01 3.867578793450042074e+00
6.660000000000000853e+01 3.801209211889913231e+00
6.670000000000000284e+01 3.747065574841924374e+00
6.679999999999999716e+01 3.711618316427985231e+00
6.690000000000000568e+01 3.698348184853377241e+00
6.700000000000000000e+01 3.706667069151753147e+00
6.710000000000000853e+01 3.732233817847611768e+00
6.720000000000000284e+01 3.768469468379807452e+00
6.729999999999999716e+01 3.808399657144195150e+00
6.740000000000000568e+01 3.846049451374626393e+00
6.750000000000000000e+01 3.877152326589218045e+00
6.760000000000000853e+01 3.899336042253000567e+00
6.770000000000000284e+01 3.912041426520898035e+00
6.779999999999999716e+01 3.916345445121495406e+00
6.790000000000000568e+01 3.914740017336589162e+00
6.800000000000000000e+01 3.910826481658972398e+00
6.810000000000000853e+01 3.908844668680250045e+00
6.820000000000000284e+01 3.912985753178393367e+00
6.829999999999999716e+01 3.926551681586499143e+00
6.840000000000000568e+01 3.951178582979563814e+00
6.850000000000000000e+01 3.986418567368418486e+00
6.860000000000000853e+01 4.029865746535724824e+00
6.870000000000000284e+01 4.077762573437062166e+00
6.879999999999999716e+01 4.125819921888885133e+00
6.890000000000000568e+01 4.169966218680740688e+00
6.900000000000000000e+01 4.206868093201096670e+00
6.910000000000000853e+01 4.234207852221024915e+00
6.920000000000000284e+01 4.250779639084494299e+00
6.929999999999999716e+01 4.256474154182918745e+00
6.940000000000000568e+01 4.252194471427532818e+00
6.950000000000000000e+01 4.239712514016680700e+00
6.960000000000000853e+01 4.221454189553918823e+00
6.970000000000000284e+01 4.200200134110545491e+00
6.979999999999999716e+01 4.178712204983989764e+00
6.990000000000000568e+01 4.159337164525779507e+00
7.000000000000000000e+01 4.143677187287050145e+00
7.010000000000000853e+01 4.132422308901007924e+00
7.020000000000000284e+01 4.125397533477825007e+00
7.029999999999999716e+01 4.121805662660045222e+00
7.040000000000000568e+01 4.120587848490287364e+00
7.050000000000000000e+01 4.120807078415738012e+00
7.060000000000000853e+01 4.121980207737815149e+00
7.070000000000000284e+01 4.124313414134034517e+00
7.079999999999999716e+01 4.128809756462394454e+00
7.090000000000000568e+01 4.137212777272205599e+00
7.100000000000000000e+01 4.151745990008409493e+00
7.110000000000000853e+01 4.174635836660380406e+00
7.120000000000000284e+01 4.207485313528543713e+00
7.129999999999999716e+01 4.250672201219965807e+00
7.140000000000000568e+01 4.302999963462299959e+00
7.150000000000000000e+01 4.361755169003792787e+00
7.160000000000000853e+01 4.423145372434269085e+00
7.170000000000000284e+01 4.482930720974701799e+00
7.179999999999999716e+01 4.537027689273327447e+00
7.190000000000000568e+01 4.581945548724755568e+00
7.200000000000000000e+01 4.615029722786285760e+00
7.210000000000000853e+01 4.634562448144173175e+00
7.220000000000000284e+01 4.639795851019283823e+00
7.229999999999999716e+01 4.630982910839155586e+00
7.240000000000000568e+01 4.609445775217773544e+00
7.250000000000000000e+01 4.577684249891643020e+00
7.260000000000000853e+01 4.539475755479418950e+00
7.270000000000000284e+01 4.499849179416656852e+00
7.279999999999999716e+01 4.464750611061933938e+00
7.290000000000000568e+01 4.440229943413710245e+00
7.300000000000000000e+01 4.431164161657823897e+00
7.310000000000000853e+01 4.439893569259295347e+00
7.320000000000000284e+01 4.465419825708131008e+00
7.329999999999999716e+01 4.503635926159163638e+00
7.340000000000000568e+01 4.548463752196695964e+00
7.350000000000000000e+01 4.593295795834095863e+00
7.360000000000000853e+01 4.632161299412262068e+00
7.370000000000000284e+01 4.660391441972545401e+00
7.379999999999999716e+01 4.674868920738573408e+00
7.390000000000000568e+01 4.674058361368747860e+00
7.400000000000000000e+01 4.657982909441922281e+00
7.410000000000000853e+01 4.628232162190524690e+00
7.420000000000000284e+01 4.588000595833381823e+00
7.429999999999999716e+01 4.542067599481150353e+00
7.440000000000000568e+01 4.496545074258627039e+00
7.450000000000000000e+01 4.458184560913527328e+00
7.460000000000000853e+01 4.433155672448276796e+00
7.470000000000000284e+01 4.425543524222464775e+00
7.479999999999999716e+01 4.436189939727473330e+00
7.490000000000000568e+01 4.462511228950665654e+00
7.500000000000000000e+01 4.499393524911175390e+00
7.510000000000000853e+01 4.540638092973821927e+00
7.520000000000000284e+01 4.580269648763996670e+00
7.529999999999999716e+01 4.613334388709489531e+00
7.540000000000000568e+01 4.636196433154662344e+00
7.550000000000000000e+01 4.646526718155383762e+00
7.560000000000000853e+01 4.643180833390617934e+00
7.570000000000000284e+01 4.626091968379754782e+00
7.579999999999999716e+01 4.596232905807897673e+00
7.590000000000000568e+01 4.555644451729775390e+00
7.600000000000000000e+01 4.507479606882160539e+00
7.610000000000000853e+01 4.455965922924697509e+00
7.620000000000000284e+01 4.406153303304497726e+00
7.629999999999999716e+01 4.363330675244628587e+00
7.640000000000000568e+01 4.332116252346204455e+00
7.650000000000000000e+01 4.315450184434180159e+00
7.660000000000000853e+01 4.313905354719782537e+00
7.670000000000000284e+01 4.325670496650163344e+00
7.680000000000001137e+01 4.347220302929439839e+00
7.690000000000000568e+01 4.374334805490043721e+00
7.700000000000000000e+01 4.403044299152720775e+00
7.710000000000000853e+01 4.430249017069197492e+00
7.720000000000000284e+01 4.453986259147915128e+00
7.730000000000001137e+01 4.473440987215155928e+00
7.740000000000000568e+01 4.488809273978916714e+00
7.750000000000000000e+01 4.501083481462320179e+00
7.760000000000000853e+01 4.511783439701627429e+00
7.770000000000000284e+01 4.522635100472641945e+00
7.780000000000001137e+01 4.535205694712117541e+00
7.790000000000000568e+01 4.550536815897981313e+00
7.800000000000000000e+01 4.568852794847100718e+00
7.810000000000000853e+01 4.589430418241400744e+00
7.820000000000000284e+01 4.610678740009376497e+00
7.830000000000001137e+01 4.630408698721084626e+00
7.840000000000000568e+01 4.646211972357685127e+00
7.850000000000000000e+01 4.655850048553368481e+00
7.860000000000000853e+01 4.657578188074845471e+00
7.870000000000000284e+01 4.650369600313382534e+00
7.880000000000001137e+01 4.634036810112997173e+00
7.890000000000000568e+01 4.609258862745768681e+00
7.900000000000000000e+01 4.577518115607505322e+00
7.910000000000000853e+01 4.540939850072826189e+00
7.920000000000000284e+01 4.502025011114056952e+00
7.930000000000001137e+01 4.463282519579109930e+00
7.940000000000000568e+01 4.426805746879779235e+00
7.950000000000000000e+01 4.393883606172922285e+00
7.960000000000000853e+01 4.364759059258180862e+00
7.970000000000000284e+01 4.338618922664374544e+00
7.980000000000001137e+01 4.313823876009263536e+00
7.990000000000000568e+01 4.288309093866786270e+00
8.000000000000000000e+01 4.260049606591646665e+00
