0.000000000000000000e+00 3.295836866004329124e+00
1.000000000000000056e-01 3.315444408924323128e+00
2.000000000000000111e-01 3.369891310811719887e+00
3.000000000000000444e-01 3.448156455597857661e+00
4.000000000000000222e-01 3.537068872541818898e+00
5.000000000000000000e-01 3.625039904086281517e+00
6.000000000000000888e-01 3.703688474255207641e+00
7.000000000000000666e-01 3.767878436441762346e+00
8.000000000000000444e-01 3.815114339902287544e+00
9.000000000000000222e-01 3.844896085515066009e+00
1.000000000000000000e+00 3.858258326451174725e+00
1.100000000000000089e+00 3.857515122192253898e+00
1.200000000000000178e+00 3.846139583564216924e+00
1.300000000000000044e+00 3.828659081211235105e+00
1.400000000000000133e+00 3.810411489712354438e+00
1.500000000000000000e+00 3.797010272278653176e+00
1.600000000000000089e+00 3.793463867827675529e+00
1.700000000000000178e+00 3.803114915000466389e+00
1.800000000000000044e+00 3.826801089381106635e+00
1.900000000000000133e+00 3.862661341150754435e+00
2.000000000000000000e+00 3.906708181869058549e+00
2.100000000000000089e+00 3.953878521753922737e+00
2.200000000000000178e+00 3.999103303354351269e+00
2.300000000000000266e+00 4.038075025611879809e+00
2.400000000000000355e+00 4.067640193192096021e+00
2.500000000000000000e+00 4.085905883141847994e+00
2.600000000000000089e+00 4.092186172235799724e+00
2.700000000000000178e+00 4.086878249339507718e+00
2.800000000000000266e+00 4.071304911782562819e+00
2.900000000000000355e+00 4.047518015910964273e+00
3.000000000000000000e+00 4.018037093044627639e+00
3.100000000000000089e+00 3.985504532136024736e+00
3.200000000000000178e+00 3.952275144611485658e+00
3.300000000000000266e+00 3.920011931582942477e+00
3.400000000000000355e+00 3.889400250832504291e+00
3.500000000000000000e+00 3.860082758388146740e+00
3.600000000000000089e+00 3.830848906969804624e+00
3.700000000000000178e+00 3.800022792001378935e+00
3.800000000000000266e+00 3.765937469774294666e+00
3.900000000000000355e+00 3.727388269332211124e+00
4.000000000000000000e+00 3.684001774008184071e+00
4.100000000000000533e+00 3.636500531857946417e+00
4.200000000000000178e+00 3.586856671556845733e+00
4.299999999999999822e+00 3.538303321471564011e+00
4.400000000000000355e+00 3.495126254742277450e+00
4.500000000000000000e+00 3.462131208055285292e+00
4.600000000000000533e+00 3.443741591032773552e+00
4.700000000000000178e+00 3.442871486656797764e+00
4.800000000000000711e+00 3.459961525010778693e+00
4.900000000000000355e+00 3.492633956019840280e+00
5.000000000000000000e+00 3.536158544561052608e+00
5.100000000000000533e+00 3.584491561309488539e+00
5.200000000000000178e+00 3.631417035784688885e+00
5.300000000000000711e+00 3.671420597339277059e+00
5.400000000000000355e+00 3.700182608580864674e+00
5.500000000000000000e+00 3.714769190922623920e+00
5.600000000000000533e+00 3.713660940028392865e+00
5.700000000000000178e+00 3.696735526568390995e+00
5.800000000000000711e+00 3.665268611133710053e+00
5.900000000000000355e+00 3.621962788522220311e+00
6.000000000000000000e+00 3.570956967041837959e+00
6.100000000000000533e+00 3.517705533989174960e+00
6.200000000000000178e+00 3.468566225734027952e+00
6.300000000000000711e+00 3.429957986970306294e+00
6.400000000000000355e+00 3.407124482488216088e+00
6.500000000000000000e+00 3.402850682310012864e+00
6.600000000000000533e+00 3.416702266768431695e+00
6.700000000000000178e+00 3.445194583956730394e+00
6.800000000000000711e+00 3.482787715058027533e+00
6.900000000000000355e+00 3.523186644564777037e+00
7.000000000000000000e+00 3.560428005168344789e+00
7.100000000000000533e+00 3.589529413762951648e+00
7.200000000000000178e+00 3.606753255429154148e+00
7.300000000000000711e+00 3.609650253326293967e+00
7.400000000000000355e+00 3.597038458537742844e+00
7.500000000000000000e+00 3.569020661809752415e+00
7.600000000000000533e+00 3.527089765047293213e+00
7.700000000000000178e+00 3.474318332098097706e+00
7.800000000000000711e+00 3.415555099616022439e+00
7.900000000000000355e+00 3.357440700656737498e+00
8.000000000000000000e+00 3.307937482960930708e+00
8.099999999999999645e+00 3.275081515375030783e+00
8.200000000000001066e+00 3.265019048845244853e+00
8.300000000000000711e+00 3.280060220314505948e+00
8.400000000000000355e+00 3.317871487094375738e+00
8.500000000000000000e+00 3.372364674165665654e+00
8.599999999999999645e+00 3.435704975493933055e+00
8.700000000000001066e+00 3.500313061267778636e+00
8.800000000000000711e+00 3.560136326071155377e+00
8.900000000000000355e+00 3.611131594288999658e+00
9.000000000000000000e+00 3.651246148928716018e+00
9.099999999999999645e+00 3.680188040882248934e+00
9.200000000000001066e+00 3.699151033251825815e+00
9.300000000000000711e+00 3.710541918856541610e+00
9.400000000000000355e+00 3.717684829203921737e+00
9.500000000000000000e+00 3.724446787704695616e+00
9.600000000000001421e+00 3.734740880849215738e+00
9.700000000000001066e+00 3.751921891512117746e+00
9.800000000000000711e+00 3.778180339324726411e+00
9.900000000000000355e+00 3.814113168619800653e+00
1.000000000000000000e+01 3.858634537088240002e+00
1.010000000000000142e+01 3.909270215155324024e+00
1.020000000000000107e+01 3.962725684322305320e+00
1.030000000000000071e+01 4.015534398457286436e+00
1.040000000000000036e+01 4.064616562812844336e+00
1.050000000000000000e+01 4.107663334260506893e+00
1.060000000000000142e+01 4.143338363076645159e+00
1.070000000000000107e+01 4.171324547636175772e+00
1.080000000000000071e+01 4.192243972213037573e+00
1.090000000000000036e+01 4.207464982520374264e+00
1.100000000000000000e+01 4.218803158353162885e+00
1.110000000000000142e+01 4.228135404937241049e+00
1.120000000000000107e+01 4.236978497578663294e+00
1.130000000000000071e+01 4.246118434288906229e+00
1.140000000000000036e+01 4.255386724354071504e+00
1.150000000000000000e+01 4.263645124639706019e+00
1.160000000000000142e+01 4.268972745088404963e+00
1.170000000000000107e+01 4.268987374128892398e+00
1.180000000000000071e+01 4.261210888143991404e+00
1.190000000000000036e+01 4.243410800831699525e+00
1.200000000000000000e+01 4.213893888463303483e+00
1.210000000000000142e+01 4.171767194303892090e+00
1.220000000000000107e+01 4.117201746117483907e+00
1.230000000000000071e+01 4.051729421158002609e+00
1.240000000000000036e+01 3.978566678994343242e+00
1.250000000000000000e+01 3.902876656042735704e+00
1.260000000000000142e+01 3.831748038910021581e+00
1.270000000000000107e+01 3.773542296946590824e+00
1.280000000000000071e+01 3.736328244353224193e+00
1.290000000000000036e+01 3.725617385571071249e+00
1.300000000000000000e+01 3.742385171429850388e+00
1.310000000000000142e+01 3.782596675059266111e+00
1.320000000000000107e+01 3.838556318426499026e+00
1.330000000000000071e+01 3.901165925351967267e+00
1.340000000000000036e+01 3.961875498934011475e+00
1.350000000000000000e+01 4.013754129194653686e+00
1.360000000000000142e+01 4.051797160894046179e+00
1.370000000000000107e+01 4.072837975601591332e+00
1.380000000000000071e+01 4.075369807019408874e+00
1.390000000000000036e+01 4.059442495980162491e+00
1.400000000000000000e+01 4.026688237964687112e+00
1.410000000000000142e+01 3.980450762514125884e+00
1.420000000000000107e+01 3.925911225229447687e+00
1.430000000000000071e+01 3.870001472178949520e+00
1.440000000000000036e+01 3.820809902300489114e+00
1.450000000000000000e+01 3.786254757029322349e+00
1.460000000000000142e+01 3.772187284173492472e+00
1.470000000000000107e+01 3.780680097150424857e+00
1.480000000000000071e+01 3.809470459449670443e+00
1.490000000000000036e+01 3.852899890847892639e+00
1.500000000000000000e+01 3.903722195180346688e+00
1.510000000000000142e+01 3.954801876592303866e+00
1.520000000000000107e+01 4.000142292691599266e+00
1.530000000000000071e+01 4.035247915800534102e+00
1.540000000000000036e+01 4.057092168784054209e+00
1.550000000000000000e+01 4.063952292591066495e+00
1.560000000000000142e+01 4.055264507854360545e+00
1.570000000000000107e+01 4.031554804647438317e+00
1.580000000000000071e+01 3.994436048029910147e+00
1.590000000000000036e+01 3.946618431747022093e+00
1.600000000000000000e+01 3.891845102937135259e+00
1.610000000000000142e+01 3.834642425611671790e+00
1.619999999999999929e+01 3.779793252773902879e+00
1.630000000000000071e+01 3.731540357924279405e+00
1.640000000000000213e+01 3.692703015130219590e+00
1.650000000000000000e+01 3.664040554844716802e+00
1.660000000000000142e+01 3.644164667003744640e+00
1.669999999999999929e+01 3.630050730125879088e+00
1.680000000000000071e+01 3.617909127276258463e+00
1.690000000000000213e+01 3.604072470733560074e+00
1.700000000000000000e+01 3.585662172620830646e+00
1.710000000000000142e+01 3.560973387353827402e+00
1.719999999999999929e+01 3.529628996762254722e+00
1.730000000000000071e+01 3.492572187663850691e+00
1.740000000000000213e+01 3.451930110645076155e+00
1.750000000000000000e+01 3.410735068194293618e+00
1.760000000000000142e+01 3.372472368401968623e+00
1.769999999999999929e+01 3.340461429841902863e+00
1.780000000000000071e+01 3.317168487701036561e+00
1.790000000000000213e+01 3.303645004868849266e+00
1.800000000000000000e+01 3.299298553713347459e+00
1.810000000000000142e+01 3.302086661452699801e+00
1.819999999999999929e+01 3.309044285482313441e+00
1.830000000000000071e+01 3.316940626200685305e+00
1.840000000000000213e+01 3.322875368537567820e+00
1.850000000000000000e+01 3.324721523632169884e+00
1.860000000000000142e+01 3.321414552230220529e+00
1.869999999999999929e+01 3.313124870572028868e+00
1.880000000000000071e+01 3.301331367463308020e+00
1.890000000000000213e+01 3.288759962895668743e+00
1.900000000000000000e+01 3.279097512868353270e+00
1.910000000000000142e+01 3.276387012848217317e+00
1.920000000000000284e+01 3.284110669125742010e+00
1.930000000000000071e+01 3.304174474205096246e+00
1.940000000000000213e+01 3.336191919270752315e+00
1.950000000000000000e+01 3.377419487616298621e+00
1.960000000000000142e+01 3.423378510649136786e+00
1.970000000000000284e+01 3.468849020858751686e+00
1.980000000000000071e+01 3.508819453392750809e+00
1.990000000000000213e+01 3.539133861432874451e+00
2.000000000000000000e+01 3.556801334710421703e+00
2.010000000000000142e+01 3.560067688712469369e+00
2.020000000000000284e+01 3.548379404134599291e+00
2.030000000000000071e+01 3.522343276469254825e+00
2.040000000000000213e+01 3.483743335168769661e+00
2.050000000000000000e+01 3.435630426034225415e+00
2.060000000000000142e+01 3.382439438460105752e+00
2.070000000000000284e+01 3.330002236334467014e+00
2.080000000000000071e+01 3.285227477989975942e+00
2.090000000000000213e+01 3.255199615774928112e+00
2.100000000000000000e+01 3.245661255937029477e+00
2.110000000000000142e+01 3.259325757644119470e+00
2.120000000000000284e+01 3.294876999078220958e+00
2.130000000000000071e+01 3.347297431989367134e+00
2.140000000000000213e+01 3.409341410647519943e+00
2.150000000000000000e+01 3.473323821410437162e+00
2.160000000000000142e+01 3.532475779086855283e+00
2.170000000000000284e+01 3.581629153625383033e+00
2.180000000000000071e+01 3.617387412706873917e+00
2.190000000000000213e+01 3.638048068954131686e+00
2.200000000000000000e+01 3.643478809614781433e+00
2.210000000000000142e+01 3.635048083401467345e+00
2.220000000000000284e+01 3.615622413924503675e+00
2.230000000000000071e+01 3.589563973658190577e+00
2.240000000000000213e+01 3.562583670579352102e+00
2.250000000000000000e+01 3.541251076182938107e+00
2.260000000000000142e+01 3.532012884386111384e+00
2.270000000000000284e+01 3.539816214746782208e+00
2.280000000000000071e+01 3.566810254240911249e+00
2.290000000000000213e+01 3.611783272048179061e+00
2.300000000000000000e+01 3.670671443461339223e+00
2.310000000000000142e+01 3.737846055683964330e+00
2.320000000000000284e+01 3.807520691940234236e+00
2.330000000000000071e+01 3.874766593032696882e+00
2.340000000000000213e+01 3.935999570290265037e+00
2.350000000000000000e+01 3.989062111462792437e+00
2.360000000000000142e+01 4.033086061434769221e+00
2.370000000000000284e+01 4.068271106429084405e+00
2.380000000000000071e+01 4.095642573934747510e+00
2.390000000000000213e+01 4.116799433991976898e+00
2.400000000000000000e+01 4.133638493484092180e+00
2.410000000000000142e+01 4.148042638110483793e+00
2.420000000000000284e+01 4.161545690182083312e+00
2.430000000000000071e+01 4.175022890226762762e+00
2.440000000000000213e+01 4.188482590400917971e+00
2.450000000000000000e+01 4.201028304998001950e+00
2.460000000000000142e+01 4.211015389322921187e+00
2.470000000000000284e+01 4.216365946183616487e+00
2.480000000000000071e+01 4.214964384202643188e+00
2.490000000000000213e+01 4.205053696109558814e+00
2.500000000000000000e+01 4.185579853330213318e+00
2.510000000000000142e+01 4.156463644418262326e+00
2.520000000000000284e+01 4.118794134097970350e+00
2.530000000000000071e+01 4.074926607987093163e+00
2.540000000000000213e+01 4.028434501372872845e+00
2.550000000000000000e+01 3.983829008197007582e+00
2.560000000000000142e+01 3.945962428593236648e+00
2.570000000000000284e+01 3.919122798745013014e+00
2.580000000000000071e+01 3.906014970378854922e+00
2.590000000000000213e+01 3.906998827322055057e+00
2.600000000000000000e+01 3.919932837178408125e+00
2.610000000000000142e+01 3.940692812656675592e+00
2.620000000000000284e+01 3.964103385827192128e+00
2.630000000000000071e+01 3.984896590751877632e+00
2.640000000000000213e+01 3.998437953888601015e+00
2.650000000000000000e+01 4.001169592908372152e+00
2.660000000000000142e+01 3.990860192373393289e+00
2.670000000000000284e+01 3.966790796136976383e+00
2.680000000000000071e+01 3.929977711240663307e+00
2.690000000000000213e+01 3.883466665363764392e+00
2.700000000000000000e+01 3.832619041489376599e+00
2.710000000000000142e+01 3.785133707249023871e+00
2.720000000000000284e+01 3.750357479743559708e+00
2.730000000000000071e+01 3.737471002356664407e+00
2.740000000000000213e+01 3.752747318065860149e+00
2.750000000000000000e+01 3.797130405671143905e+00
2.760000000000000142e+01 3.865732216855224834e+00
2.770000000000000284e+01 3.949616729135474014e+00
2.780000000000000071e+01 4.038592290985913991e+00
2.790000000000000213e+01 4.123455000785405389e+00
2.800000000000000000e+01 4.197068931998662045e+00
2.810000000000000142e+01 4.254531269231545565e+00
2.820000000000000284e+01 4.292904881045310539e+00
2.830000000000000071e+01 4.310865606788854443e+00
2.840000000000000213e+01 4.308426971169392772e+00
2.850000000000000000e+01 4.286787122516557247e+00
2.860000000000000142e+01 4.248284823738974758e+00
2.870000000000000284e+01 4.196419221813216360e+00
2.880000000000000071e+01 4.135856125260691130e+00
2.890000000000000213e+01 4.072303526417595521e+00
2.900000000000000000e+01 4.012110283328598648e+00
2.910000000000000142e+01 3.961478770562420593e+00
2.920000000000000284e+01 3.925347201567511490e+00
2.930000000000000071e+01 3.906264372103865234e+00
2.940000000000000213e+01 3.903751848861289453e+00
2.950000000000000000e+01 3.914492898922681263e+00
2.960000000000000142e+01 3.933252289709344041e+00
2.970000000000000284e+01 3.954079003918920421e+00
2.980000000000000071e+01 3.971339650407776034e+00
2.990000000000000213e+01 3.980373465756646745e+00
3.000000000000000000e+01 3.977796296819957611e+00
3.010000000000000142e+01 3.961584027272068376e+00
3.020000000000000284e+01 3.931059510207721708e+00
3.030000000000000071e+01 3.886856408121428075e+00
3.040000000000000213e+01 3.830878357356895414e+00
3.050000000000000000e+01 3.766224296136786442e+00
3.060000000000000142e+01 3.697013615842983381e+00
3.070000000000000284e+01 3.628029507630849970e+00
3.080000000000000071e+01 3.564130834490215616e+00
3.090000000000000213e+01 3.509483366752924827e+00
3.100000000000000000e+01 3.466804124704725876e+00
3.110000000000000142e+01 3.436898771179175860e+00
3.120000000000000284e+01 3.418695365108540329e+00
3.130000000000000071e+01 3.409755587013756362e+00
3.140000000000000213e+01 3.407037142158346299e+00
3.150000000000000000e+01 3.407631637290140958e+00
3.160000000000000142e+01 3.409299559369044275e+00
3.170000000000000284e+01 3.410754407307066138e+00
3.180000000000000071e+01 3.411725660995700515e+00
3.190000000000000213e+01 3.412845472387099566e+00
3.200000000000000000e+01 3.415390562390907991e+00
3.210000000000000142e+01 3.420904817050315128e+00
3.220000000000000284e+01 3.430747577229293022e+00
3.230000000000000426e+01 3.445650812560803633e+00
3.239999999999999858e+01 3.465395749610416409e+00
3.250000000000000000e+01 3.488702827290132369e+00
3.260000000000000142e+01 3.513362266497083386e+00
3.270000000000000284e+01 3.536550923639935284e+00
3.280000000000000426e+01 3.555233188308292824e+00
3.289999999999999858e+01 3.566550600694306183e+00
3.300000000000000000e+01 3.568148622559317751e+00
3.310000000000000142e+01 3.558436094626379109e+00
3.320000000000000284e+01 3.536800283279856405e+00
3.330000000000000426e+01 3.503801325282278611e+00
3.339999999999999858e+01 3.461345513123687212e+00
3.350000000000000000e+01 3.412789282346216702e+00
3.360000000000000142e+01 3.362862457383485548e+00
3.370000000000000284e+01 3.317251424024596496e+00
3.380000000000000426e+01 3.281721510207458170e+00
3.389999999999999858e+01 3.260859181926759387e+00
3.400000000000000000e+01 3.256833921606132609e+00
3.410000000000000142e+01 3.268755940092165524e+00
3.420000000000000284e+01 3.292968465256913557e+00
3.430000000000000426e+01 3.324083050601336353e+00
3.439999999999999858e+01 3.356211297153778972e+00
3.450000000000000000e+01 3.383923877811255920e+00
3.460000000000000142e+01 3.402784820750173189e+00
3.470000000000000284e+01 3.409563739337853061e+00
3.480000000000000426e+01 3.402315492761604609e+00
3.489999999999999858e+01 3.380491888559601588e+00
3.500000000000000000e+01 3.345186866953369975e+00
3.510000000000000142e+01 3.299537266952392578e+00
3.520000000000000284e+01 3.249177234816201576e+00
3.530000000000000426e+01 3.202431799278620872e+00
3.539999999999999858e+01 3.169674920406051921e+00
3.550000000000000000e+01 3.161272132702988458e+00
3.560000000000000142e+01 3.184295643322300862e+00
3.570000000000000284e+01 3.239618415133143969e+00
3.580000000000000426e+01 3.321464330263276921e+00
3.589999999999999858e+01 3.419772067510962188e+00
3.600000000000000000e+01 3.523583648862989914e+00
3.610000000000000142e+01 3.623526499045862881e+00
3.620000000000000284e+01 3.712815764672939167e+00
3.630000000000000426e+01 3.787230799590380670e+00
3.639999999999999858e+01 3.844684727594540163e+00
3.650000000000000000e+01 3.884771177383621321e+00
3.660000000000000142e+01 3.908435812155641287e+00
3.670000000000000284e+01 3.917783640035855441e+00
3.680000000000000426e+01 3.915966178546423038e+00
3.689999999999999858e+01 3.907055482983652794e+00
3.700000000000000000e+01 3.895791985276395142e+00
3.710000000000000142e+01 3.887107525666746444e+00
3.720000000000000284e+01 3.885406813430789086e+00
3.730000000000000426e+01 3.893744297699280210e+00
3.739999999999999858e+01 3.913181368976005992e+00
3.750000000000000000e+01 3.942612089961932575e+00
3.760000000000000142e+01 3.979146590573857889e+00
3.770000000000000284e+01 4.018872895658350153e+00
3.780000000000000426e+01 4.057686601141755389e+00
3.789999999999999858e+01 4.091946023596805482e+00
3.800000000000000000e+01 4.118869765880182499e+00
3.810000000000000142e+01 4.136715640176029218e+00
3.820000000000000284e+01 4.144820076629077477e+00
3.830000000000000426e+01 4.143558212393757323e+00
3.840000000000000568e+01 4.134243731345343065e+00
3.850000000000000000e+01 4.118950433125120547e+00
3.860000000000000142e+01 4.100221543762190279e+00
3.870000000000000284e+01 4.080651342695968964e+00
3.880000000000000426e+01 4.062380812952973486e+00
3.890000000000000568e+01 4.046623557093825596e+00
3.900000000000000000e+01 4.033379327991404750e+00
3.910000000000000142e+01 4.021452307625006384e+00
3.920000000000000284e+01 4.008777953319747844e+00
3.930000000000000426e+01 3.992948272792513187e+00
3.940000000000000568e+01 3.971783893981089442e+00
3.950000000000000000e+01 3.943841179671815578e+00
3.960000000000000142e+01 3.908814391567976720e+00
3.970000000000000284e+01 3.867840407968934802e+00
3.980000000000000426e+01 3.823706993368245932e+00
3.990000000000000568e+01 3.780902040363558481e+00
4.000000000000000000e+01 3.745344831343229597e+00
4.010000000000000142e+01 3.723587421776011208e+00
4.020000000000000284e+01 3.721403297290643675e+00
4.030000000000000426e+01 3.742075988397679964e+00
4.040000000000000568e+01 3.785141059254551354e+00
4.050000000000000000e+01 3.846306726986611579e+00
4.060000000000000142e+01 3.918602890198076061e+00
4.070000000000000284e+01 3.994080401803498326e+00
4.080000000000000426e+01 4.065267869992589489e+00
4.090000000000000568e+01 4.126011204329737225e+00
4.100000000000000000e+01 4.171755681605805677e+00
4.110000000000000142e+01 4.199508108508457127e+00
4.120000000000000284e+01 4.207695408362418732e+00
4.130000000000000426e+01 4.196052702195357753e+00
4.140000000000000568e+01 4.165601636648641914e+00
4.150000000000000000e+01 4.118727773345693066e+00
4.160000000000000142e+01 4.059315847832222879e+00
4.170000000000000284e+01 3.992832105171668200e+00
4.180000000000000426e+01 3.926152320480323255e+00
4.190000000000000568e+01 3.866878250621715640e+00
4.200000000000000000e+01 3.821999291526446463e+00
4.210000000000000142e+01 3.796152350010269405e+00
4.220000000000000284e+01 3.790229844330565534e+00
4.230000000000000426e+01 3.801145854480009856e+00
4.240000000000000568e+01 3.822915537342551850e+00
4.250000000000000000e+01 3.848393570206554148e+00
4.260000000000000142e+01 3.870818592435446348e+00
4.270000000000000284e+01 3.884722549111621959e+00
4.280000000000000426e+01 3.886240371805789184e+00
4.290000000000000568e+01 3.873065763394636818e+00
4.300000000000000000e+01 3.844285412237515853e+00
4.310000000000000142e+01 3.800235367987554014e+00
4.320000000000000284e+01 3.742443160477559871e+00
4.330000000000000426e+01 3.673660473464865461e+00
4.340000000000000568e+01 3.597936487559275420e+00
4.350000000000000000e+01 3.520614179846587533e+00
4.360000000000000142e+01 3.448059410071822484e+00
4.370000000000000284e+01 3.386918577268996700e+00
4.380000000000000426e+01 3.342857726360390025e+00
4.390000000000000568e+01 3.319105351349911359e+00
4.400000000000000000e+01 3.315473393882103714e+00
4.410000000000000142e+01 3.328442879472657712e+00
4.420000000000000284e+01 3.352294551354339180e+00
4.430000000000000426e+01 3.380673739897314789e+00
4.440000000000000568e+01 3.407916067204630473e+00
4.450000000000000000e+01 3.429821009415132682e+00
4.460000000000000142e+01 3.443919391575433586e+00
4.470000000000000284e+01 3.449422806640868089e+00
4.480000000000000426e+01 3.447016742817252233e+00
4.490000000000000568e+01 3.438579570046080391e+00
4.500000000000000000e+01 3.426844594472444605e+00
4.510000000000000142e+01 3.414994152286356943e+00
4.520000000000000284e+01 3.406185328861170092e+00
4.530000000000000426e+01 3.403048378338437097e+00
4.540000000000000568e+01 3.407248797509124572e+00
4.550000000000000000e+01 3.419226275189648057e+00
4.560000000000000142e+01 3.438190128390232303e+00
4.570000000000000284e+01 3.462369774633150321e+00
4.580000000000000426e+01 3.489436545706172677e+00
4.590000000000000568e+01 3.516976233400344043e+00
4.600000000000000000e+01 3.542909272892081241e+00
4.610000000000000142e+01 3.565800445790944018e+00
4.620000000000000284e+01 3.585039364861335898e+00
4.630000000000000426e+01 3.600890822697981442e+00
4.640000000000000568e+01 3.614413850168768594e+00
4.650000000000000000e+01 3.627244547006156061e+00
4.660000000000000142e+01 3.641247075049880877e+00
4.670000000000000284e+01 3.658069651245294374e+00
4.680000000000000426e+01 3.678690797757677267e+00
4.690000000000000568e+01 3.703076473180374251e+00
4.700000000000000000e+01 3.730055552881914593e+00
4.710000000000000142e+01 3.757451006151026007e+00
4.720000000000000284e+01 3.782413562153274178e+00
4.730000000000000426e+01 3.801848571659804499e+00
4.740000000000000568e+01 3.812831540926730156e+00
4.750000000000000000e+01 3.812955781422199486e+00
4.760000000000000142e+01 3.800610315843245157e+00
4.770000000000000284e+01 3.775222006999785052e+00
4.780000000000000426e+01 3.737504949200764592e+00
4.790000000000000568e+01 3.689741099868264484e+00
4.800000000000000000e+01 3.636061707012363087e+00
4.810000000000000142e+01 3.582596723721187093e+00
4.820000000000000284e+01 3.537220012853316664e+00
4.830000000000000426e+01 3.508542367768737069e+00
4.840000000000000568e+01 3.504017026862786821e+00
4.850000000000000000e+01 3.527663223183724384e+00
4.860000000000000142e+01 3.578570498121144361e+00
4.870000000000000284e+01 3.651150114749923681e+00
4.880000000000000426e+01 3.736941971920300976e+00
4.890000000000000568e+01 3.826833960699169701e+00
4.900000000000000000e+01 3.912682064869492216e+00
4.910000000000000142e+01 3.988056860084045141e+00
4.920000000000000284e+01 4.048365558522941221e+00
4.930000000000000426e+01 4.090701830770785641e+00
4.940000000000000568e+01 4.113667719611465046e+00
4.950000000000000000e+01 4.117284775937220864e+00
4.960000000000000142e+01 4.103025118759084044e+00
4.970000000000000284e+01 4.073933658433283256e+00
4.980000000000000426e+01 4.034749355659135617e+00
4.990000000000000568e+01 3.991849112224533869e+00
5.000000000000000000e+01 3.952761914859574066e+00
5.010000000000000142e+01 3.925042080971325120e+00
5.020000000000000284e+01 3.914590902607972378e+00
5.030000000000000426e+01 3.924023537897747715e+00
5.040000000000000568e+01 3.951946531491131509e+00
5.050000000000000000e+01 3.993583133332609059e+00
5.060000000000000142e+01 4.042335338199102956e+00
5.070000000000000284e+01 4.091423711421580123e+00
5.080000000000000426e+01 4.134998560254212308e+00
5.090000000000000568e+01 4.168621854218572231e+00
5.100000000000000000e+01 4.189323342874839540e+00
5.110000000000000142e+01 4.195475021017085915e+00
5.120000000000000284e+01 4.186646203550627554e+00
5.130000000000000426e+01 4.163509383589800272e+00
5.140000000000000568e+01 4.127800412939750530e+00
5.150000000000000000e+01 4.082290830146106053e+00
5.160000000000000142e+01 4.030695532326303621e+00
5.170000000000000284e+01 3.977418770506041756e+00
5.180000000000000426e+01 3.927058903012770941e+00
5.190000000000000568e+01 3.883678680073798350e+00
5.200000000000000000e+01 3.849999655230527562e+00
5.210000000000000142e+01 3.826811814854723437e+00
5.220000000000000284e+01 3.812870194415356906e+00
5.230000000000000426e+01 3.805341352844338054e+00
5.240000000000000568e+01 3.800607443278658515e+00
5.250000000000000000e+01 3.795125420803135086e+00
5.260000000000000142e+01 3.786114231217953652e+00
5.270000000000000284e+01 3.771990278975034361e+00
5.280000000000000426e+01 3.752571994398341992e+00
5.290000000000000568e+01 3.729092726272679403e+00
5.300000000000000000e+01 3.704027451370593305e+00
5.310000000000000142e+01 3.680703434003270935e+00
5.320000000000000284e+01 3.662676274529677922e+00
5.330000000000000426e+01 3.652938117440347909e+00
5.340000000000000568e+01 3.653155369492878002e+00
5.350000000000000000e+01 3.663207866263907597e+00
5.360000000000000142e+01 3.681217769656799810e+00
5.370000000000000284e+01 3.704037851073972210e+00
5.380000000000000426e+01 3.727974599324668681e+00
5.390000000000000568e+01 3.749486727804661079e+00
5.400000000000000000e+01 3.765706620679686090e+00
5.410000000000000142e+01 3.774767198548732772e+00
5.420000000000000284e+01 3.775993873415690594e+00
5.430000000000000426e+01 3.770025235111753581e+00
5.440000000000000568e+01 3.758878615057897221e+00
5.450000000000000000e+01 3.745903501851923778e+00
5.460000000000000142e+01 3.735496787575401711e+00
5.470000000000000284e+01 3.732442591078343419e+00
5.480000000000000426e+01 3.740859483955924158e+00
5.490000000000000568e+01 3.763003276319534685e+00
5.500000000000000000e+01 3.798420841518998170e+00
5.510000000000000142e+01 3.843898639669490080e+00
5.520000000000000284e+01 3.894235151120735594e+00
5.530000000000000426e+01 3.943424260932204994e+00
5.540000000000000568e+01 3.985734992382844233e+00
5.550000000000000000e+01 4.016398840364044709e+00
5.560000000000000142e+01 4.031895360356235969e+00
5.570000000000000284e+01 4.029974487069891254e+00
5.580000000000000426e+01 4.009570152609631677e+00
5.590000000000000568e+01 3.970717274982574096e+00
5.600000000000000000e+01 3.914535598272252059e+00
5.610000000000000142e+01 3.843303525304363255e+00
5.620000000000000284e+01 3.760603850502174161e+00
5.630000000000000426e+01 3.671464040244126537e+00
5.640000000000000568e+01 3.582328135089404064e+00
5.650000000000000000e+01 3.500616918537678757e+00
5.660000000000000142e+01 3.433664550211271482e+00
5.670000000000000284e+01 3.387105468917472884e+00
5.680000000000000426e+01 3.363284201034665966e+00
5.690000000000000568e+01 3.360543165291272949e+00
5.700000000000000000e+01 3.373844613003885939e+00
5.710000000000000142e+01 3.396345010394250075e+00
5.720000000000000284e+01 3.421072228710735352e+00
5.730000000000000426e+01 3.442086148273936885e+00
5.740000000000000568e+01 3.455006784785889629e+00
5.750000000000000000e+01 3.457108374465416745e+00
5.760000000000000142e+01 3.447226532446509673e+00
5.770000000000000284e+01 3.425642833549195743e+00
5.780000000000000426e+01 3.394008616291483094e+00
5.790000000000000568e+01 3.355284124845678839e+00
5.800000000000000000e+01 3.313601334912861685e+00
5.810000000000000142e+01 3.273917530727625813e+00
5.820000000000000284e+01 3.241349731035858994e+00
5.830000000000000426e+01 3.220215901131955771e+00
5.840000000000000568e+01 3.213039192090723084e+00
5.850000000000000000e+01 3.219937471298553788e+00
5.860000000000000142e+01 3.238717718619633423e+00
5.870000000000000284e+01 3.265633804936015849e+00
5.880000000000000426e+01 3.296436292054916173e+00
5.890000000000000568e+01 3.327297294950336770e+00
5.900000000000000000e+01 3.355385958317921524e+00
5.910000000000000142e+01 3.379087120436425007e+00
5.920000000000000284e+01 3.397965493221919431e+00
5.930000000000000426e+01 3.412584477752025336e+00
5.940000000000000568e+01 3.424249677917983625e+00
5.950000000000000000e+01 3.434706928917542701e+00
5.960000000000000142e+01 3.445803930646616386e+00
5.970000000000000284e+01 3.459129078137130442e+00
5.980000000000000426e+01 3.475665927972180214e+00
5.990000000000000568e+01 3.495530020051364595e+00
6.000000000000000000e+01 3.517861614628032374e+00
6.010000000000000142e+01 3.540917151092065396e+00
6.020000000000000284e+01 3.562344121390275120e+00
6.030000000000000426e+01 3.579571682887972894e+00
6.040000000000000568e+01 3.590231997840693801e+00
6.050000000000000000e+01 3.592547491580000418e+00
6.060000000000000142e+01 3.585655470707808767e+00
6.070000000000000284e+01 3.569867691086893835e+00
6.080000000000000426e+01 3.546861825158288184e+00
6.090000000000000568e+01 3.519769556383886666e+00
6.100000000000000000e+01 3.493070718560521648e+00
6.110000000000000142e+01 3.472157369707960406e+00
6.120000000000000284e+01 3.462464622076700138e+00
6.130000000000000426e+01 3.468248533507944487e+00
6.140000000000000568e+01 3.491386971055547406e+00
6.150000000000000000e+01 3.530749547422559864e+00
6.160000000000000142e+01 3.582471934056328688e+00
6.170000000000000284e+01 3.640973529604119019e+00
6.180000000000000426e+01 3.700204337574692026e+00
6.190000000000000568e+01 3.754655545341784695e+00
6.200000000000000000e+01 3.799958912898318886e+00
6.210000000000000142e+01 3.833148464007204215e+00
6.220000000000000284e+01 3.852750811005606124e+00
6.230000000000000426e+01 3.858850923235250363e+00
6.240000000000000568e+01 3.853215734891760391e+00
6.250000000000000000e+01 3.839474520010818459e+00
6.260000000000000142e+01 3.823242402915282945e+00
6.270000000000000284e+01 3.811928020787691551e+00
6.280000000000000426e+01 3.813863502868040101e+00
6.290000000000000568e+01 3.836544317380994773e+00
6.300000000000000000e+01 3.884355513103781909e+00
6.310000000000000142e+01 3.956886193843503818e+00
6.320000000000000284e+01 4.048920408610779731e+00
6.330000000000000426e+01 4.152113902413542057e+00
6.340000000000000568e+01 4.257274174192292371e+00
6.350000000000000000e+01 4.356126892277732310e+00
6.360000000000000142e+01 4.442172755348141600e+00
6.370000000000000284e+01 4.510836816896399704e+00
6.380000000000000426e+01 4.559271346118156210e+00
6.390000000000000568e+01 4.586078449418645953e+00
6.400000000000000000e+01 4.591085489228047045e+00
6.410000000000000853e+01 4.575217220894321812e+00
6.420000000000000284e+01 4.540462354045597060e+00
6.429999999999999716e+01 4.489905698984817839e+00
6.440000000000000568e+01 4.427769982245702174e+00
6.450000000000000000e+01 4.359373995874079810e+00
6.460000000000000853e+01 4.290874976581931399e+00
6.470000000000000284e+01 4.228663164092664850e+00
6.479999999999999716e+01 4.178380565326536455e+00
6.490000000000000568e+01 4.143768513620336158e+00
6.500000000000000000e+01 4.125787157907144120e+00
6.510000000000000853e+01 4.122447891619530402e+00
6.520000000000000284e+01 4.129457898785790171e+00
6.529999999999999716e+01 4.141349933970788655e+00
6.540000000000000568e+01 4.152614086062612841e+00
6.550000000000000000e+01 4.158512820475560368e+00
6.560000000000000853e+01 4.155520093993225750e+00
6.570000000000000284e+01 4.141484691457197442e+00
6.579999999999999716e+01 4.115647748771429804e+00
6.590000000000000568e+01 4.078602829688223963e+00
6.600000000000000000e+01 4.032226918291206275e+00
6.610000000000000853e+01 3.979556129146498478e+00
6.620000000000000284e+01 3.924541290225790569e+00
6.629999999999999716e+01 3.871611931420952946e+00
6.640000000000000568e+01 3.825027451387960742e+00
6.650000000000000000e+01 3.788110121311485390e+00
6.660000000000000853e+01 3.762586413786868977e+00
6.670000000000000284e+01 3.748301393321431974e+00
6.679999999999999716e+01 3.743440468423202994e+00
6.690000000000000568e+01 3.745162465532680507e+00
6.700000000000000000e+01 3.750386959195360248e+00
6.710000000000000853e+01 3.756483343287552401e+00
6.720000000000000284e+01 3.761724869106196856e+00
6.729999999999999716e+01 3.765485988081085811e+00
6.740000000000000568e+01 3.768216454628567913e+00
6.750000000000000000e+01 3.771230272912680093e+00
6.760000000000000853e+01 3.776339814009389784e+00
6.770000000000000284e+01 3.785376339258665013e+00
6.779999999999999716e+01 3.799674404138067452e+00
6.790000000000000568e+01 3.819636583011672748e+00
6.800000000000000000e+01 3.844497483762271628e+00
6.810000000000000853e+01 3.872349894821113026e+00
6.820000000000000284e+01 3.900404346115537546e+00
6.829999999999999716e+01 3.925381390737473275e+00
6.840000000000000568e+01 3.943922362999097153e+00
6.850000000000000000e+01 3.952942690670543158e+00
6.860000000000000853e+01 3.949906759880228435e+00
6.870000000000000284e+01 3.933044464844213106e+00
6.879999999999999716e+01 3.901546311143636814e+00
6.890000000000000568e+01 3.855768517142954543e+00
6.900000000000000000e+01 3.797454474726782436e+00
6.910000000000000853e+01 3.729930839441192969e+00
6.920000000000000284e+01 3.658161985877042888e+00
6.929999999999999716e+01 3.588464677068905928e+00
6.940000000000000568e+01 3.527671670770384793e+00
6.950000000000000000e+01 3.481716074390500903e+00
6.960000000000000853e+01 3.454022736312924557e+00
6.970000000000000284e+01 3.444459947220817941e+00
6.979999999999999716e+01 3.449455109672934228e+00
6.990000000000000568e+01 3.463183408250603890e+00
7.000000000000000000e+01 3.479134098967089361e+00
7.010000000000000853e+01 3.491364251196153567e+00
7.020000000000000284e+01 3.495174807142813922e+00
7.029999999999999716e+01 3.487318882994646430e+00
7.040000000000000568e+01 3.465982735824042926e+00
7.050000000000000000e+01 3.430742982529171314e+00
7.060000000000000853e+01 3.382617381716602534e+00
7.070000000000000284e+01 3.324241140950994211e+00
7.079999999999999716e+01 3.260108267790164049e+00
7.090000000000000568e+01 3.196691639287666753e+00
7.100000000000000000e+01 3.142106800494925967e+00
7.110000000000000853e+01 3.104940496206921807e+00
7.120000000000000284e+01 3.092180354377172868e+00
7.129999999999999716e+01 3.106936371214577441e+00
7.140000000000000568e+01 3.147244062377891893e+00
7.150000000000000000e+01 3.206774307961187453e+00
7.160000000000000853e+01 3.276951324622998207e+00
7.170000000000000284e+01 3.349189666083034034e+00
7.179999999999999716e+01 3.416340133737046703e+00
7.190000000000000568e+01 3.473233934242375476e+00
7.200000000000000000e+01 3.516656435273838532e+00
7.210000000000000853e+01 3.545102719794875235e+00
7.220000000000000284e+01 3.558523418479428990e+00
7.229999999999999716e+01 3.558133980710441513e+00
7.240000000000000568e+01 3.546274976273574353e+00
7.250000000000000000e+01 3.526263056070322310e+00
7.260000000000000853e+01 3.502150052489980681e+00
7.270000000000000284e+01 3.478317041059513670e+00
7.279999999999999716e+01 3.458887706825760411e+00
7.290000000000000568e+01 3.447051727529588661e+00
7.300000000000000000e+01 3.444495887052902994e+00
7.310000000000000853e+01 3.451159805581464290e+00
7.320000000000000284e+01 3.465415921511598718e+00
7.329999999999999716e+01 3.484586628850085521e+00
7.340000000000000568e+01 3.505589945006921226e+00
7.350000000000000000e+01 3.525517654255833744e+00
7.360000000000000853e+01 3.542048843265971136e+00
7.370000000000000284e+01 3.553697280300627703e+00
7.379999999999999716e+01 3.559933462892058031e+00
7.390000000000000568e+01 3.561213763140163469e+00
7.400000000000000000e+01 3.558915624881562323e+00
7.410000000000000853e+01 3.555146521099193713e+00
7.420000000000000284e+01 3.552389851615165295e+00
7.429999999999999716e+01 3.552992137242691584e+00
7.440000000000000568e+01 3.558580688736022957e+00
7.450000000000000000e+01 3.569585929103361366e+00
7.460000000000000853e+01 3.585054461997239983e+00
7.470000000000000284e+01 3.602839273953422961e+00
7.479999999999999716e+01 3.620096283520298108e+00
7.490000000000000568e+01 3.633910991813686486e+00
7.500000000000000000e+01 3.641884702384979189e+00
7.510000000000000853e+01 3.642591947563329047e+00
7.520000000000000284e+01 3.635903989013621107e+00
7.529999999999999716e+01 3.623207119509537222e+00
7.540000000000000568e+01 3.607518006159303958e+00
7.550000000000000000e+01 3.593424718157534059e+00
7.560000000000000853e+01 3.586698061651549807e+00
7.570000000000000284e+01 3.593404710411946201e+00
7.579999999999999716e+01 3.618525822969482775e+00
7.590000000000000568e+01 3.664458374896752080e+00
7.600000000000000000e+01 3.730086718381216304e+00
7.610000000000000853e+01 3.810950974464110352e+00
7.620000000000000284e+01 3.900406438957971123e+00
7.629999999999999716e+01 3.991131079305537455e+00
7.640000000000000568e+01 4.076344064302227288e+00
7.650000000000000000e+01 4.150477671134278346e+00
7.660000000000000853e+01 4.209385338010095623e+00
7.670000000000000284e+01 4.250294086037142094e+00
7.680000000000001137e+01 4.271684599232180801e+00
7.690000000000000568e+01 4.273214315874679592e+00
7.700000000000000000e+01 4.255741274250896211e+00
7.710000000000000853e+01 4.221463161529745989e+00
7.720000000000000284e+01 4.174137474808460979e+00
7.730000000000001137e+01 4.119269549709898115e+00
7.740000000000000568e+01 4.064037192218239447e+00
7.750000000000000000e+01 4.016622420302148555e+00
7.760000000000000853e+01 3.984717839767295544e+00
7.770000000000000284e+01 3.973455348607771942e+00
7.780000000000001137e+01 3.983683584730690175e+00
7.790000000000000568e+01 4.011661766305065768e+00
7.800000000000000000e+01 4.050390011646189059e+00
7.810000000000000853e+01 4.091717460633955916e+00
7.820000000000000284e+01 4.128138540145814162e+00
7.830000000000001137e+01 4.153767756063838412e+00
7.840000000000000568e+01 4.164594018314867085e+00
7.850000000000000000e+01 4.158344230438554945e+00
7.860000000000000853e+01 4.134236195350827536e+00
7.870000000000000284e+01 4.092779942481212352e+00
7.880000000000001137e+01 4.035692671051338110e+00
7.890000000000000568e+01 3.965932395798889232e+00
7.900000000000000000e+01 3.887802903918041508e+00
7.910000000000000853e+01 3.807012264118323053e+00
7.920000000000000284e+01 3.730478731233200840e+00
7.930000000000001137e+01 3.665632085126672379e+00
7.940000000000000568e+01 3.619090829815629018e+00
7.950000000000000000e+01 3.595001054070242397e+00
7.960000000000000853e+01 3.593790938841223248e+00
7.970000000000000284e+01 3.612097828987996806e+00
7.980000000000001137e+01 3.643950196903925409e+00
7.990000000000000568e+01 3.682527183283082373e+00
8.000000000000000000e+01 3.721677611311544176e+00
