0.000000000000000000e+00 2.746530721670273900e-01
3.906250000000000000e-03 2.768500315173334503e-01
7.812500000000000000e-03 2.770445843952278886e-01
1.171875000000000000e-02 2.777987796950311394e-01
1.562500000000000000e-02 2.788076443688520256e-01
1.953125000000000000e-02 2.791698243866378992e-01
2.343750000000000000e-02 2.800642858312077932e-01
2.734375000000000000e-02 2.808663611387995362e-01
3.125000000000000000e-02 2.813259014112606260e-01
3.515625000000000000e-02 2.822767535828782925e-01
3.906250000000000000e-02 2.829339937856216736e-01
4.296875000000000000e-02 2.835119263045146054e-01
4.687500000000000000e-02 2.844506786608547166e-01
5.078125000000000000e-02 2.850146734982754726e-01
5.468750000000000000e-02 2.857158977689687185e-01
5.859375000000000000e-02 2.865905861044806269e-01
6.250000000000000000e-02 2.871186395380730949e-01
6.640625000000000000e-02 2.879224805808411336e-01
7.031250000000000000e-02 2.887040603466091149e-01
7.421875000000000000e-02 2.892523077566278578e-01
7.812500000000000000e-02 2.901173413525361400e-01
8.203125000000000000e-02 2.908028239113784608e-01
8.593750000000000000e-02 2.914148259293145582e-01
8.984375000000000000e-02 2.922904612225740162e-01
9.375000000000000000e-02 2.929009362516033499e-01
9.765625000000000000e-02 2.935981109980262960e-01
1.015625000000000000e-01 2.944379735163203393e-01
1.054687500000000000e-01 2.950116221136087069e-01
1.093750000000000000e-01 2.957895330890309982e-01
1.132812500000000000e-01 2.965625181081934514e-01
1.171875000000000000e-01 2.971438018545757287e-01
1.210937500000000000e-01 2.979757925694409004e-01
1.250000000000000000e-01 2.986722634024142065e-01
1.289062500000000000e-01 2.992996586843100770e-01
1.328125000000000000e-01 3.001464661606847995e-01
1.367187500000000000e-01 3.007787355291086651e-01
1.406250000000000000e-01 3.014743482575130695e-01
1.445312500000000000e-01 3.022963102240273647e-01
1.484375000000000000e-01 3.028937275766743764e-01
1.523437500000000000e-01 3.036579999414265596e-01
1.562500000000000000e-01 3.044260740197993753e-01
1.601562500000000000e-01 3.050259543471461887e-01
1.640625000000000000e-01 3.058390919982273970e-01
1.679687500000000000e-01 3.065419075714158059e-01
1.718750000000000000e-01 3.071785218690197827e-01
1.757812500000000000e-01 3.080078710378708062e-01
1.796875000000000000e-01 3.086535349801936556e-01
1.835937500000000000e-01 3.093482210775400087e-01
1.875000000000000000e-01 3.101588218054525115e-01
1.914062500000000000e-01 3.107714869915658151e-01
1.953125000000000000e-01 3.115269339023803985e-01
1.992187500000000000e-01 3.122917751215703586e-01
2.031250000000000000e-01 3.129040002522042729e-01
2.070312500000000000e-01 3.137044916891276181e-01
2.109375000000000000e-01 3.144116332419763515e-01
2.148437500000000000e-01 3.150545364614751875e-01
2.187500000000000000e-01 3.158718270033166187e-01
2.226562500000000000e-01 3.165268468653796852e-01
2.265625000000000000e-01 3.172207965968082966e-01
2.304687500000000000e-01 3.180229564331831238e-01
2.343750000000000000e-01 3.186441521692072731e-01
2.382812500000000000e-01 3.193823425662736248e-01
2.421875000000000000e-01 3.201013655423037285e-01
2.460937500000000000e-01 3.205840830197749791e-01
2.500000000000000000e-01 3.210244962443610239e-01
2.539062500000000000e-01 3.210069034505317331e-01
2.578125000000000000e-01 3.205762335319840561e-01
2.617187500000000000e-01 3.203478297043630407e-01
2.656250000000000000e-01 3.206828958898562676e-01
2.695312500000000000e-01 3.215151070038094749e-01
2.734375000000000000e-01 3.218998540087892879e-01
2.773437500000000000e-01 3.214030774722921313e-01
2.812500000000000000e-01 3.214712343530438665e-01
2.851562500000000000e-01 3.220618357628184381e-01
2.890625000000000000e-01 3.217902040017315834e-01
2.929687500000000000e-01 3.215514116239906461e-01
2.968750000000000000e-01 3.219402667706555143e-01
3.007812500000000000e-01 3.216811524532769417e-01
3.046875000000000000e-01 3.214445599992951652e-01
3.085937500000000000e-01 3.216793527156275312e-01
3.125000000000000000e-01 3.212588150163201428e-01
3.164062500000000000e-01 3.212115370147590188e-01
3.203125000000000000e-01 3.211717908778179420e-01
3.242187500000000000e-01 3.206901407501778212e-01
3.281250000000000000e-01 3.208558502469955886e-01
3.320312500000000000e-01 3.203503305768437559e-01
3.359375000000000000e-01 3.202384690092036634e-01
3.398437500000000000e-01 3.200864406963384590e-01
3.437500000000000000e-01 3.195630604301621380e-01
3.476562500000000000e-01 3.196599887674153595e-01
3.515625000000000000e-01 3.190236558535875511e-01
3.554687500000000000e-01 3.189956132341634776e-01
3.593750000000000000e-01 3.185289793504051392e-01
3.632812500000000000e-01 3.183144961376608850e-01
3.671875000000000000e-01 3.179204463470907682e-01
3.710937500000000000e-01 3.176640699275594670e-01
3.750000000000000000e-01 3.172480500026092498e-01
3.789062500000000000e-01 3.169079696726546658e-01
3.828125000000000000e-01 3.166214314472185487e-01
3.867187500000000000e-01 3.160932294824386757e-01
3.906250000000000000e-01 3.159294413527163892e-01
3.945312500000000000e-01 3.153475530324239551e-01
3.984375000000000000e-01 3.150992668847538147e-01
4.023437500000000000e-01 3.145978808509586888e-01
4.062500000000000000e-01 3.142780000314931987e-01
4.101562500000000000e-01 3.137398176201196542e-01
4.140625000000000000e-01 3.135054289547287154e-01
4.179687500000000000e-01 3.128694168666403264e-01
4.218750000000000000e-01 3.126340793074366409e-01
4.257812500000000000e-01 3.120668932954236974e-01
4.296875000000000000e-01 3.116723886452306691e-01
4.335937500000000000e-01 3.112156494878629553e-01
4.375000000000000000e-01 3.107630985131117907e-01
4.414062500000000000e-01 3.102729887015418520e-01
4.453125000000000000e-01 3.098629893975277660e-01
4.492187500000000000e-01 3.093705800186953847e-01
4.531250000000000000e-01 3.088549597456718421e-01
4.570312500000000000e-01 3.085127775818152784e-01
4.609375000000000000e-01 3.078225151588834807e-01
4.648437500000000000e-01 3.075564165945566253e-01
4.687500000000000000e-01 3.068682823782461488e-01
4.726562500000000000e-01 3.065195905153753064e-01
4.765625000000000000e-01 3.058981656300303609e-01
4.804687500000000000e-01 3.055288776395458927e-01
4.843750000000000000e-01 3.048672489755420156e-01
4.882812500000000000e-01 3.045357736012061500e-01
4.921875000000000000e-01 3.039088174776885531e-01
4.960937500000000000e-01 3.034649999268078102e-01
5.000000000000000000e-01 3.030702598620121924e-01
5.039062500000000000e-01 3.025016999819862829e-01
5.078125000000000000e-01 3.023223000870055022e-01
5.117187500000000000e-01 3.018461722251850610e-01
5.156250000000000000e-01 3.016459571287640751e-01
5.195312500000000000e-01 3.012280848735420791e-01
5.234375000000000000e-01 3.011531348888799031e-01
5.273437500000000000e-01 3.010904838273710249e-01
5.312500000000000000e-01 3.011719288174184994e-01
5.351562500000000000e-01 3.010460881058470983e-01
5.390625000000000000e-01 3.007582411581828929e-01
5.429687500000000000e-01 3.009624262387476934e-01
5.468750000000000000e-01 3.008963699644456313e-01
5.507812500000000000e-01 3.010864468897100910e-01
5.546875000000000000e-01 3.008544911079363837e-01
5.585937500000000000e-01 3.009808123942122604e-01
5.625000000000000000e-01 3.012588273851495302e-01
5.664062500000000000e-01 3.011143351078011676e-01
5.703125000000000000e-01 3.012593761356777144e-01
5.742187500000000000e-01 3.014351805643721294e-01
5.781250000000000000e-01 3.016183795568173065e-01
5.820312500000000000e-01 3.015375134913342303e-01
5.859375000000000000e-01 3.019223903636319428e-01
5.898437500000000000e-01 3.020577783695742036e-01
5.937500000000000000e-01 3.020451068678576823e-01
5.976562500000000000e-01 3.025157278808157102e-01
6.015625000000000000e-01 3.025072046876333687e-01
6.054687500000000000e-01 3.027911756416244438e-01
6.093750000000000000e-01 3.030547346840639089e-01
6.132812500000000000e-01 3.031795764149821104e-01
6.171875000000000000e-01 3.035005387417090694e-01
6.210937500000000000e-01 3.037094525666741984e-01
6.250000000000000000e-01 3.039694786955478012e-01
6.289062500000000000e-01 3.042045006916987981e-01
6.328125000000000000e-01 3.045243601446849802e-01
6.367187500000000000e-01 3.047179655056225789e-01
6.406250000000000000e-01 3.050899841381395916e-01
6.445312500000000000e-01 3.053389627932660000e-01
6.484375000000000000e-01 3.055904423059013775e-01
6.523437500000000000e-01 3.060347238768245104e-01
6.562500000000000000e-01 3.061447714723108393e-01
6.601562500000000000e-01 3.066611710322564299e-01
6.640625000000000000e-01 3.068891615341634016e-01
6.679687500000000000e-01 3.071885199801970834e-01
6.718750000000000000e-01 3.076766468487452388e-01
6.757812500000000000e-01 3.078022877301311300e-01
6.796875000000000000e-01 3.083411014070175371e-01
6.835937500000000000e-01 3.086067836269061893e-01
6.875000000000000000e-01 3.089616214418097750e-01
6.914062500000000000e-01 3.093872937217796992e-01
6.953125000000000000e-01 3.096893429089733196e-01
6.992187500000000000e-01 3.100641194388442101e-01
7.031250000000000000e-01 3.104982802565054434e-01
7.070312500000000000e-01 3.108093353761620659e-01
7.109375000000000000e-01 3.112352529514060828e-01
7.148437500000000000e-01 3.116649027323755150e-01
7.187500000000000000e-01 3.119274774127662742e-01
7.226562500000000000e-01 3.125126749930998704e-01
7.265625000000000000e-01 3.127082535429603904e-01
7.304687500000000000e-01 3.133164137185578957e-01
7.343750000000000000e-01 3.135801733388157153e-01
7.382812500000000000e-01 3.141392185784840363e-01
7.421875000000000000e-01 3.145538105704082654e-01
7.460937500000000000e-01 3.150845041310612604e-01
7.500000000000000000e-01 3.157935853939209392e-01
7.539062500000000000e-01 3.164099613738635686e-01
7.578125000000000000e-01 3.174212007141728464e-01
7.617187500000000000e-01 3.181915128750062438e-01
7.656250000000000000e-01 3.189880299852732581e-01
7.695312500000000000e-01 3.194538941566215096e-01
7.734375000000000000e-01 3.194360131583015017e-01
7.773437500000000000e-01 3.191400631874456995e-01
7.812500000000000000e-01 3.189251916051842883e-01
7.851562500000000000e-01 3.188018453548032149e-01
7.890625000000000000e-01 3.195265092558637332e-01
7.929687500000000000e-01 3.195246213992593010e-01
7.968750000000000000e-01 3.195799794657734338e-01
8.007812500000000000e-01 3.191088433688420434e-01
8.046875000000000000e-01 3.190944607953570267e-01
8.085937500000000000e-01 3.194343679872632125e-01
8.125000000000000000e-01 3.194927199651377836e-01
8.164062500000000000e-01 3.189853914055132411e-01
8.203125000000000000e-01 3.189863462179274856e-01
8.242187500000000000e-01 3.189565154469172215e-01
8.281250000000000000e-01 3.191801998197377754e-01
8.320312500000000000e-01 3.185882820365775747e-01
8.359375000000000000e-01 3.185502695353638614e-01
8.398437500000000000e-01 3.186641315677693487e-01
8.437500000000000000e-01 3.184831423450616428e-01
8.476562500000000000e-01 3.180207327864708056e-01
8.515625000000000000e-01 3.181465259115044408e-01
8.554687500000000000e-01 3.179934215112032447e-01
8.593750000000000000e-01 3.176742004070873260e-01
8.632812500000000000e-01 3.173985120706930840e-01
8.671875000000000000e-01 3.175798625289206201e-01
8.710937500000000000e-01 3.170203148371379953e-01
8.750000000000000000e-01 3.168482515342800343e-01
8.789062500000000000e-01 3.168962107363200165e-01
8.828125000000000000e-01 3.164183104062334162e-01
8.867187500000000000e-01 3.162319424353175479e-01
8.906250000000000000e-01 3.161627048125169037e-01
8.945312500000000000e-01 3.157383858439488100e-01
8.984375000000000000e-01 3.155173156555556857e-01
9.023437500000000000e-01 3.154038140233956233e-01
9.062500000000000000e-01 3.149402266307891884e-01
9.101562500000000000e-01 3.148238796688835883e-01
9.140625000000000000e-01 3.144673963299515762e-01
9.179687500000000000e-01 3.142283732783925920e-01
9.218750000000000000e-01 3.138752232230633821e-01
9.257812500000000000e-01 3.137488443160451057e-01
9.296875000000000000e-01 3.132634655589709993e-01
9.335937500000000000e-01 3.131214348958106242e-01
9.375000000000000000e-01 3.127426530783939396e-01
9.414062500000000000e-01 3.124234864198165429e-01
9.453125000000000000e-01 3.121633899943029866e-01
9.492187500000000000e-01 3.117643991479038812e-01
9.531250000000000000e-01 3.115113554661441131e-01
9.570312500000000000e-01 3.111292208547128957e-01
9.609375000000000000e-01 3.108242715762977726e-01
9.648437500000000000e-01 3.104447782166253056e-01
9.687500000000000000e-01 3.101372837439627661e-01
9.726562500000000000e-01 3.097681218577393314e-01
9.765625000000000000e-01 3.094766185204424480e-01
9.804687500000000000e-01 3.090288993943592910e-01
9.843750000000000000e-01 3.088065540034189427e-01
9.882812500000000000e-01 3.082638654489692209e-01
9.921875000000000000e-01 3.080570552412744134e-01
9.960937500000000000e-01 3.075630745636450114e-01
1.000000000000000000e+00 3.071632616975948915e-01
1.003906250000000000e+00 3.069229806752392653e-01
1.007812500000000000e+00 3.063102130417890701e-01
1.011718750000000000e+00 3.063899084786175786e-01
1.015625000000000000e+00 3.058949423504077059e-01
1.019531250000000000e+00 3.060939662043327680e-01
1.023437500000000000e+00 3.059122699729536210e-01
1.027343750000000000e+00 3.058558763729956609e-01
1.031250000000000000e+00 3.059029008209350753e-01
1.035156250000000000e+00 3.055221303059641458e-01
1.039062500000000000e+00 3.057124091628948270e-01
1.042968750000000000e+00 3.053416697639626531e-01
1.046875000000000000e+00 3.056792321473609797e-01
1.050781250000000000e+00 3.056206831712448557e-01
1.054687500000000000e+00 3.056591722837319614e-01
1.058593750000000000e+00 3.056220259107467752e-01
1.062500000000000000e+00 3.055349400866964604e-01
1.066406250000000000e+00 3.057646319075807972e-01
1.070312500000000000e+00 3.058035174419074798e-01
1.074218750000000000e+00 3.059917248383945410e-01
1.078125000000000000e+00 3.057185505879945198e-01
1.082031250000000000e+00 3.061591725191863400e-01
1.085937500000000000e+00 3.060385095843152214e-01
1.089843750000000000e+00 3.063824178541202370e-01
1.093750000000000000e+00 3.062787777894907526e-01
1.097656250000000000e+00 3.063526937524506666e-01
1.101562500000000000e+00 3.068053577204302163e-01
1.105468750000000000e+00 3.067065050217719357e-01
1.109375000000000000e+00 3.069520146484474021e-01
1.113281250000000000e+00 3.070450698450550298e-01
1.117187500000000000e+00 3.073447580555488945e-01
1.121093750000000000e+00 3.074166648290660997e-01
1.125000000000000000e+00 3.076149538984437881e-01
1.128906250000000000e+00 3.077599103953828075e-01
1.132812500000000000e+00 3.081505789156383512e-01
1.136718750000000000e+00 3.080643330981711614e-01
1.140625000000000000e+00 3.084145629429096980e-01
1.144531250000000000e+00 3.086897797064902527e-01
1.148437500000000000e+00 3.087857563756176149e-01
1.152343750000000000e+00 3.089749845585380572e-01
1.156250000000000000e+00 3.094494803428354812e-01
1.160156250000000000e+00 3.093346891523345299e-01
1.164062500000000000e+00 3.098560786560550784e-01
1.167968750000000000e+00 3.099384998563180504e-01
1.171875000000000000e+00 3.102577413133273398e-01
1.175781250000000000e+00 3.104627323240439218e-01
1.179687500000000000e+00 3.107388201303196706e-01
1.183593750000000000e+00 3.110732775363432290e-01
1.187500000000000000e+00 3.112155183942535985e-01
1.191406250000000000e+00 3.116161425027849652e-01
1.195312500000000000e+00 3.118781297320444290e-01
1.199218750000000000e+00 3.120581714908149951e-01
1.203125000000000000e+00 3.124889145195988149e-01
1.207031250000000000e+00 3.126703544634221732e-01
1.210937500000000000e+00 3.129780800444776356e-01
1.214843750000000000e+00 3.133315730679001598e-01
1.218750000000000000e+00 3.135934603469336390e-01
1.222656250000000000e+00 3.138528434966563196e-01
1.226562500000000000e+00 3.142708262154860210e-01
1.230468750000000000e+00 3.144513014403960138e-01
1.234375000000000000e+00 3.148070875949825487e-01
1.238281250000000000e+00 3.151764521951573306e-01
1.242187500000000000e+00 3.152796295869877419e-01
1.246093750000000000e+00 3.157113521860955840e-01
1.250000000000000000e+00 3.157935251916472730e-01
1.253906250000000000e+00 3.158052406933150591e-01
1.257812500000000000e+00 3.159466921077907497e-01
1.261718750000000000e+00 3.154465883339179211e-01
1.265625000000000000e+00 3.154053779035473348e-01
1.269531250000000000e+00 3.149179313046645556e-01
1.273437500000000000e+00 3.147511521568210902e-01
1.277343750000000000e+00 3.149284278599735476e-01
1.281250000000000000e+00 3.151629836300412491e-01
1.285156250000000000e+00 3.157259606448349909e-01
1.289062500000000000e+00 3.160416788338498151e-01
1.292968750000000000e+00 3.158685382246476103e-01
1.296875000000000000e+00 3.158277072404093166e-01
1.300781250000000000e+00 3.152311027225230822e-01
1.304687500000000000e+00 3.155117510430000549e-01
1.308593750000000000e+00 3.155916794032067596e-01
1.312500000000000000e+00 3.159299385807289862e-01
1.316406250000000000e+00 3.157608165263596223e-01
1.320312500000000000e+00 3.154098158787138617e-01
1.324218750000000000e+00 3.152180193331229896e-01
1.328125000000000000e+00 3.153728923427511210e-01
1.332031250000000000e+00 3.155244001738811699e-01
1.335937500000000000e+00 3.153594525435495788e-01
1.339843750000000000e+00 3.149303359237426991e-01
1.343750000000000000e+00 3.149060124417288886e-01
1.347656250000000000e+00 3.149187542615166646e-01
1.351562500000000000e+00 3.150640513378541452e-01
1.355468750000000000e+00 3.145205306945264567e-01
1.359375000000000000e+00 3.143676900081514569e-01
1.363281250000000000e+00 3.145475965309900701e-01
1.367187500000000000e+00 3.142348021516152556e-01
1.371093750000000000e+00 3.142245417523751305e-01
1.375000000000000000e+00 3.135807551134280891e-01
1.378906250000000000e+00 3.139508983121511720e-01
1.382812500000000000e+00 3.136955461486961583e-01
1.386718750000000000e+00 3.132646657247580291e-01
1.390625000000000000e+00 3.131695531001570387e-01
1.394531250000000000e+00 3.131306228971904582e-01
1.398437500000000000e+00 3.129013955117480039e-01
1.402343750000000000e+00 3.125366717006865525e-01
1.406250000000000000e+00 3.124552819802242642e-01
1.410156250000000000e+00 3.123597020236189015e-01
1.414062500000000000e+00 3.120145945563274625e-01
1.417968750000000000e+00 3.116318374105815914e-01
1.421875000000000000e+00 3.117842505480291071e-01
1.425781250000000000e+00 3.113475335967891278e-01
1.429687500000000000e+00 3.110054213100204579e-01
1.433593750000000000e+00 3.109599353255608212e-01
1.437500000000000000e+00 3.107422238821638261e-01
1.441406250000000000e+00 3.102465774596819270e-01
1.445312500000000000e+00 3.101994498480023510e-01
1.449218750000000000e+00 3.099908944588632975e-01
1.453125000000000000e+00 3.094599337553693430e-01
1.457031250000000000e+00 3.094600735189462770e-01
1.460937500000000000e+00 3.090562568979714486e-01
1.464843750000000000e+00 3.087993765531680812e-01
1.468750000000000000e+00 3.084771958053097451e-01
1.472656250000000000e+00 3.082977916850578870e-01
1.476562500000000000e+00 3.079373818354169678e-01
1.480468750000000000e+00 3.076016736341249946e-01
1.484375000000000000e+00 3.074706688751818184e-01
1.488281250000000000e+00 3.070770085913190339e-01
1.492187500000000000e+00 3.067438695985593156e-01
1.496093750000000000e+00 3.066569947371838856e-01
1.500000000000000000e+00 3.062066832147246065e-01
1.503906250000000000e+00 3.058634464371930983e-01
1.507812500000000000e+00 3.059622196313284137e-01
1.511718750000000000e+00 3.052722385839680141e-01
1.515625000000000000e+00 3.055001009073814999e-01
1.519531250000000000e+00 3.051582659926743712e-01
1.523437500000000000e+00 3.049568985846579094e-01
1.527343750000000000e+00 3.049714597851863052e-01
1.531250000000000000e+00 3.047093866499191450e-01
1.535156250000000000e+00 3.045789124366204415e-01
1.539062500000000000e+00 3.047619507921686122e-01
1.542968750000000000e+00 3.046395170180416501e-01
1.546875000000000000e+00 3.047090194802618002e-01
1.550781250000000000e+00 3.048373816430688388e-01
1.554687500000000000e+00 3.045204008056668910e-01
1.558593750000000000e+00 3.047179873250239757e-01
1.562500000000000000e+00 3.045629222629759325e-01
1.566406250000000000e+00 3.046774887414389066e-01
1.570312500000000000e+00 3.048896157114995842e-01
1.574218750000000000e+00 3.048217185682650654e-01
1.578125000000000000e+00 3.048796058993785141e-01
1.582031250000000000e+00 3.049048229885034655e-01
1.585937500000000000e+00 3.049522065669494908e-01
1.589843750000000000e+00 3.051968670358619073e-01
1.593750000000000000e+00 3.052693304922227124e-01
1.597656250000000000e+00 3.052931692012756937e-01
1.601562500000000000e+00 3.053422866425485327e-01
1.605468750000000000e+00 3.055443461067740007e-01
1.609375000000000000e+00 3.056293160196627556e-01
1.613281250000000000e+00 3.058650387223891265e-01
1.617187500000000000e+00 3.057410050513424959e-01
1.621093750000000000e+00 3.060851334346225694e-01
1.625000000000000000e+00 3.061594170617318866e-01
1.628906250000000000e+00 3.064209114155797553e-01
1.632812500000000000e+00 3.063730852691670670e-01
1.636718750000000000e+00 3.066286858364475898e-01
1.640625000000000000e+00 3.068212072838656934e-01
1.644531250000000000e+00 3.069993942627395334e-01
1.648437500000000000e+00 3.071534370477801978e-01
1.652343750000000000e+00 3.072258217891046250e-01
1.656250000000000000e+00 3.076531625299979700e-01
1.660156250000000000e+00 3.077186469982877703e-01
1.664062500000000000e+00 3.078388742126710320e-01
1.667968750000000000e+00 3.082331269612885727e-01
1.671875000000000000e+00 3.082519074978865015e-01
1.675781250000000000e+00 3.087280033003227397e-01
1.679687500000000000e+00 3.085372772444930356e-01
1.683593750000000000e+00 3.090849419698556422e-01
1.687500000000000000e+00 3.092381406241185848e-01
1.691406250000000000e+00 3.092823167260024264e-01
1.695312500000000000e+00 3.097854255411649493e-01
1.699218750000000000e+00 3.098214016773131463e-01
1.703125000000000000e+00 3.102670155929207474e-01
1.707031250000000000e+00 3.102627496336693991e-01
1.710937500000000000e+00 3.106999586240298261e-01
1.714843750000000000e+00 3.109250379670789877e-01
1.718750000000000000e+00 3.110254767000882881e-01
1.722656250000000000e+00 3.114871621936635138e-01
1.726562500000000000e+00 3.116358723299998412e-01
1.730468750000000000e+00 3.119333859356586136e-01
1.734375000000000000e+00 3.121583869357123509e-01
1.738281250000000000e+00 3.125606268717549541e-01
1.742187500000000000e+00 3.127895678537359059e-01
1.746093750000000000e+00 3.130834645722766485e-01
1.750000000000000000e+00 3.137094228514031857e-01
1.753906250000000000e+00 3.138696914379119907e-01
1.757812500000000000e+00 3.146890633295334472e-01
1.761718750000000000e+00 3.151018708657833955e-01
1.765625000000000000e+00 3.158864881786941359e-01
1.769531250000000000e+00 3.162856804022814994e-01
1.773437500000000000e+00 3.170402627126033268e-01
1.777343750000000000e+00 3.171900024428950804e-01
1.781250000000000000e+00 3.173455127937788722e-01
1.785156250000000000e+00 3.173575960947400132e-01
1.789062500000000000e+00 3.168552070637309925e-01
1.792968750000000000e+00 3.167842173175713927e-01
1.796875000000000000e+00 3.165796203058775515e-01
1.800781250000000000e+00 3.167926942037267990e-01
1.804687500000000000e+00 3.171028318915047328e-01
1.808593750000000000e+00 3.173412416402407454e-01
1.812500000000000000e+00 3.172183199949187293e-01
1.816406250000000000e+00 3.170179796695349883e-01
1.820312500000000000e+00 3.166032221704814242e-01
1.824218750000000000e+00 3.167316931751891218e-01
1.828125000000000000e+00 3.167078729901325329e-01
1.832031250000000000e+00 3.170518026124952149e-01
1.835937500000000000e+00 3.167905338755764300e-01
1.839843750000000000e+00 3.164946293607259209e-01
1.843750000000000000e+00 3.163497458210331459e-01
1.847656250000000000e+00 3.162324459289974077e-01
1.851562500000000000e+00 3.165777133041158264e-01
1.855468750000000000e+00 3.163085361402032669e-01
1.859375000000000000e+00 3.160717044219793492e-01
1.863281250000000000e+00 3.157369611936098885e-01
1.867187500000000000e+00 3.158966965986192976e-01
1.871093750000000000e+00 3.158343599796695766e-01
1.875000000000000000e+00 3.158046861246634474e-01
1.878906250000000000e+00 3.152671300578822056e-01
1.882812500000000000e+00 3.152340983965062904e-01
1.886718750000000000e+00 3.152802742207521103e-01
1.890625000000000000e+00 3.151922884391445967e-01
1.894531250000000000e+00 3.148371920729048368e-01
1.898437500000000000e+00 3.146111072704804723e-01
1.902343750000000000e+00 3.145560259180464335e-01
1.906250000000000000e+00 3.145527443566770165e-01
1.910156250000000000e+00 3.141643371521694594e-01
1.914062500000000000e+00 3.138072629330112551e-01
1.917968750000000000e+00 3.139850435311327126e-01
1.921875000000000000e+00 3.136840434846018266e-01
1.925781250000000000e+00 3.135356615839823280e-01
1.929687500000000000e+00 3.130352586004875870e-01
1.933593750000000000e+00 3.132304933883029996e-01
1.937500000000000000e+00 3.128401109180823925e-01
1.941406250000000000e+00 3.126476782722379388e-01
1.945312500000000000e+00 3.122629251264767980e-01
1.949218750000000000e+00 3.123766527302330731e-01
1.953125000000000000e+00 3.120416039343393289e-01
1.957031250000000000e+00 3.116140415815701337e-01
1.960937500000000000e+00 3.115716734230348783e-01
1.964843750000000000e+00 3.114435194716104194e-01
1.968750000000000000e+00 3.109685980841607189e-01
1.972656250000000000e+00 3.108217423672485213e-01
1.976562500000000000e+00 3.106031592241614847e-01
1.980468750000000000e+00 3.104187834354080189e-01
1.984375000000000000e+00 3.099564369045710865e-01
1.988281250000000000e+00 3.098304096243932326e-01
1.992187500000000000e+00 3.096573497230846184e-01
1.996093750000000000e+00 3.092098234494352615e-01
2.000000000000000000e+00 3.089058087145952203e-01
