0.000000000000000000e+00 4.394449154672440017e+00
1.000000000000000056e-01 4.414056697592432243e+00
2.000000000000000111e-01 4.468503599479831223e+00
3.000000000000000444e-01 4.546768744265982320e+00
4.000000000000000222e-01 4.635681161210636780e+00
5.000000000000000000e-01 4.723652192768304836e+00
6.000000000000000888e-01 4.802300763078203083e+00
7.000000000000000666e-01 4.866490726286196278e+00
8.000000000000000444e-01 4.913726635390849751e+00
9.000000000000000222e-01 4.943508406651171860e+00
1.000000000000000000e+00 4.956870748320144848e+00
1.100000000000000089e+00 4.956127897141213268e+00
1.200000000000000178e+00 4.944753484038956870e+00
1.300000000000000044e+00 4.927276275043242393e+00
1.400000000000000133e+00 4.909037553362276540e+00
1.500000000000000000e+00 4.895658305594305482e+00
1.600000000000000089e+00 4.892161865212081295e+00
1.700000000000000178e+00 4.901917247522241894e+00
1.800000000000000044e+00 4.925804163536601443e+00
1.900000000000000133e+00 4.962022922461957641e+00
2.000000000000000000e+00 5.006670393812551190e+00
2.100000000000000089e+00 5.054796185009321263e+00
2.200000000000000178e+00 5.101481241078795748e+00
2.300000000000000266e+00 5.142619615809421951e+00
2.400000000000000355e+00 5.175331809902779412e+00
2.500000000000000000e+00 5.198099793298355920e+00
2.600000000000000089e+00 5.210748673943584208e+00
2.700000000000000178e+00 5.214359438944783598e+00
2.800000000000000266e+00 5.211135246591316772e+00
2.900000000000000355e+00 5.204189630675069900e+00
3.000000000000000000e+00 5.197196252946611139e+00
3.100000000000000089e+00 5.193856592369599845e+00
3.200000000000000178e+00 5.197219736612951557e+00
3.300000000000000266e+00 5.209006879849640725e+00
3.400000000000000355e+00 5.229173718949162719e+00
3.500000000000000000e+00 5.255895573497772588e+00
3.600000000000000089e+00 5.285982299194858847e+00
3.700000000000000178e+00 5.315544856822485897e+00
3.800000000000000266e+00 5.340672255922097378e+00
3.900000000000000355e+00 5.357949130053881959e+00
4.000000000000000000e+00 5.364764029493333197e+00
4.100000000000000533e+00 5.359444736042771495e+00
4.200000000000000178e+00 5.341286237691109662e+00
4.299999999999999822e+00 5.310526839682935041e+00
4.400000000000000355e+00 5.268302049038305235e+00
4.500000000000000000e+00 5.216578940287919686e+00
4.600000000000000533e+00 5.158052098737423208e+00
4.700000000000000178e+00 5.095970308060167042e+00
4.800000000000000711e+00 5.033867218757259288e+00
4.900000000000000355e+00 4.975195875722005390e+00
5.000000000000000000e+00 4.922914546963652604e+00
5.100000000000000533e+00 4.879120115240787925e+00
5.200000000000000178e+00 4.844840824042079497e+00
5.300000000000000711e+00 4.820058251223615642e+00
5.400000000000000355e+00 4.803943936246182211e+00
5.500000000000000000e+00 4.795218610395446390e+00
5.600000000000000533e+00 4.792514327025696019e+00
5.700000000000000178e+00 4.794644789740335256e+00
5.800000000000000711e+00 4.800738064392452209e+00
5.900000000000000355e+00 4.810229850442375721e+00
6.000000000000000000e+00 4.822744220724295872e+00
6.100000000000000533e+00 4.837906037744360788e+00
6.200000000000000178e+00 4.855140098572277019e+00
6.300000000000000711e+00 4.873514975816202188e+00
6.400000000000000355e+00 4.891678902211186397e+00
6.500000000000000000e+00 4.907909405065760566e+00
6.600000000000000533e+00 4.920265859407008335e+00
6.700000000000000178e+00 4.926808791969583545e+00
6.800000000000000711e+00 4.925841803597148960e+00
6.900000000000000355e+00 4.916140954151996034e+00
7.000000000000000000e+00 4.897153237637104084e+00
7.100000000000000533e+00 4.869159310102957328e+00
7.200000000000000178e+00 4.833397992612322724e+00
7.300000000000000711e+00 4.792137673510346474e+00
7.400000000000000355e+00 4.748653776539955906e+00
7.500000000000000000e+00 4.707041690665068501e+00
7.600000000000000533e+00 4.671786029642792215e+00
7.700000000000000178e+00 4.647058665773283082e+00
7.800000000000000711e+00 4.635851712109205103e+00
7.900000000000000355e+00 4.639215102496173415e+00
8.000000000000000000e+00 4.655923347468733375e+00
8.099999999999999645e+00 4.682738108438889491e+00
8.200000000000001066e+00 4.715146394845534772e+00
8.300000000000000711e+00 4.748259609935043812e+00
8.400000000000000355e+00 4.777579319193238305e+00
8.500000000000000000e+00 4.799494201291022222e+00
8.599999999999999645e+00 4.811523195502523720e+00
8.700000000000001066e+00 4.812389876977685610e+00
8.800000000000000711e+00 4.802013373086054138e+00
8.900000000000000355e+00 4.781468460640842189e+00
9.000000000000000000e+00 4.752926806547213445e+00
9.099999999999999645e+00 4.719551925848584517e+00
9.200000000000001066e+00 4.685287555469230369e+00
9.300000000000000711e+00 4.654466629852590742e+00
9.400000000000000355e+00 4.631202138327889628e+00
9.500000000000000000e+00 4.618621880595974893e+00
9.600000000000001421e+00 4.618147471546726557e+00
9.700000000000001066e+00 4.629093804735060047e+00
9.800000000000000711e+00 4.648777714805811812e+00
9.900000000000000355e+00 4.673100001442576534e+00
1.000000000000000000e+01 4.697366702749244283e+00
1.010000000000000142e+01 4.717080631516870959e+00
1.020000000000000107e+01 4.728544370394473617e+00
1.030000000000000071e+01 4.729255706945816762e+00
1.040000000000000036e+01 4.718159568338644583e+00
1.050000000000000000e+01 4.695830888326811170e+00
1.060000000000000142e+01 4.664619055205940334e+00
1.070000000000000107e+01 4.628703880239197765e+00
1.080000000000000071e+01 4.593912435157847085e+00
1.090000000000000036e+01 4.567076776974109187e+00
1.100000000000000000e+01 4.554788968689401862e+00
1.110000000000000142e+01 4.561738784766552257e+00
1.120000000000000107e+01 4.589275559390512349e+00
1.130000000000000071e+01 4.634963463773177139e+00
1.140000000000000036e+01 4.693383751324566866e+00
1.150000000000000000e+01 4.757679211291600652e+00
1.160000000000000142e+01 4.821049818415405142e+00
1.170000000000000107e+01 4.877717422166949035e+00
1.180000000000000071e+01 4.923329385306680628e+00
1.190000000000000036e+01 4.955011802990593850e+00
1.200000000000000000e+01 4.971301776319347887e+00
1.210000000000000142e+01 4.972114057182306368e+00
1.220000000000000107e+01 4.958816847584142984e+00
1.230000000000000071e+01 4.934420525653051115e+00
1.240000000000000036e+01 4.903798820221966892e+00
1.250000000000000000e+01 4.873739578073599255e+00
1.260000000000000142e+01 4.852486903291078235e+00
1.270000000000000107e+01 4.848435849710970302e+00
1.280000000000000071e+01 4.868019594596249888e+00
1.290000000000000036e+01 4.913581962559595340e+00
1.300000000000000000e+01 4.982483436874152183e+00
1.310000000000000142e+01 5.068061758684761386e+00
1.320000000000000107e+01 5.161789455800628090e+00
1.330000000000000071e+01 5.255377843504426494e+00
1.340000000000000036e+01 5.342055107541038517e+00
1.350000000000000000e+01 5.416992951308043480e+00
1.360000000000000142e+01 5.477219273917746989e+00
1.370000000000000107e+01 5.521343851826497229e+00
1.380000000000000071e+01 5.549285696953705660e+00
1.390000000000000036e+01 5.562070752965325937e+00
1.400000000000000000e+01 5.561695576435369937e+00
1.410000000000000142e+01 5.551011151587558423e+00
1.420000000000000107e+01 5.533556524064013438e+00
1.430000000000000071e+01 5.513265926701663489e+00
1.440000000000000036e+01 5.494002073235625616e+00
1.450000000000000000e+01 5.478947756696875615e+00
1.460000000000000142e+01 5.470000059898199041e+00
1.470000000000000107e+01 5.467385722848066010e+00
1.480000000000000071e+01 5.469671187507524124e+00
1.490000000000000036e+01 5.474177058706412247e+00
1.500000000000000000e+01 5.477634663140417359e+00
1.510000000000000142e+01 5.476860516338391882e+00
1.520000000000000107e+01 5.469286892868034045e+00
1.530000000000000071e+01 5.453296036808810143e+00
1.540000000000000036e+01 5.428385228003279828e+00
1.550000000000000000e+01 5.395215174701795569e+00
1.560000000000000142e+01 5.355578531093205363e+00
1.570000000000000107e+01 5.312290928207875851e+00
1.580000000000000071e+01 5.268972329204815175e+00
1.590000000000000036e+01 5.229670311611200439e+00
1.600000000000000000e+01 5.198301349793899462e+00
1.610000000000000142e+01 5.177965373977297503e+00
1.619999999999999929e+01 5.170298535786737482e+00
1.630000000000000071e+01 5.175091665200526769e+00
1.640000000000000213e+01 5.190337664485930702e+00
1.650000000000000000e+01 5.212693098021568439e+00
1.660000000000000142e+01 5.238168664522830476e+00
1.669999999999999929e+01 5.262814445939635988e+00
1.680000000000000071e+01 5.283239961504516025e+00
1.690000000000000213e+01 5.296921996367169427e+00
1.700000000000000000e+01 5.302331405202589387e+00
1.710000000000000142e+01 5.298935335706438821e+00
1.719999999999999929e+01 5.287121575026144882e+00
1.730000000000000071e+01 5.268070417488370794e+00
1.740000000000000213e+01 5.243581765809119943e+00
1.750000000000000000e+01 5.215858186356206794e+00
1.760000000000000142e+01 5.187250378210166879e+00
1.769999999999999929e+01 5.159987640352849070e+00
1.780000000000000071e+01 5.135934618699997678e+00
1.790000000000000213e+01 5.116424671693974524e+00
1.800000000000000000e+01 5.102209179221427249e+00
1.810000000000000142e+01 5.093530895354749788e+00
1.819999999999999929e+01 5.090290812998333081e+00
1.830000000000000071e+01 5.092249867390950868e+00
1.840000000000000213e+01 5.099200208165060033e+00
1.850000000000000000e+01 5.111054936081948163e+00
1.860000000000000142e+01 5.127832183471253913e+00
1.869999999999999929e+01 5.149541003413740548e+00
1.880000000000000071e+01 5.176006171507146369e+00
1.890000000000000213e+01 5.206689484309208638e+00
1.900000000000000000e+01 5.240568186166598252e+00
1.910000000000000142e+01 5.276112549732248524e+00
1.920000000000000284e+01 5.311370539381140787e+00
1.930000000000000071e+01 5.344133648708452533e+00
1.940000000000000213e+01 5.372139979833360002e+00
1.950000000000000000e+01 5.393273609320456963e+00
1.960000000000000142e+01 5.405736723577886593e+00
1.970000000000000284e+01 5.408191553704878807e+00
1.980000000000000071e+01 5.399884010930792400e+00
1.990000000000000213e+01 5.380766262228725338e+00
2.000000000000000000e+01 5.351630269972330822e+00
2.010000000000000142e+01 5.314247282920431914e+00
2.020000000000000284e+01 5.271477029179921558e+00
2.030000000000000071e+01 5.227265614287123441e+00
2.040000000000000213e+01 5.186408148937011298e+00
2.050000000000000000e+01 5.153954832564814126e+00
2.060000000000000142e+01 5.134251063765911560e+00
2.070000000000000284e+01 5.129835958552074970e+00
2.080000000000000071e+01 5.140642813955193624e+00
2.090000000000000213e+01 5.163910172173590496e+00
2.100000000000000000e+01 5.194857963590695071e+00
2.110000000000000142e+01 5.227783563575725267e+00
2.120000000000000284e+01 5.257114490712209154e+00
2.130000000000000071e+01 5.278134046310174021e+00
2.140000000000000213e+01 5.287345762313764297e+00
2.150000000000000000e+01 5.282586583159224247e+00
2.160000000000000142e+01 5.263020809802054778e+00
2.170000000000000284e+01 5.229105710472389035e+00
2.180000000000000071e+01 5.182563770858759966e+00
2.190000000000000213e+01 5.126343837069196496e+00
2.200000000000000000e+01 5.064506684752822174e+00
2.210000000000000142e+01 5.001937701233298839e+00
2.220000000000000284e+01 4.943796766339831450e+00
2.230000000000000071e+01 4.894700550823966267e+00
2.240000000000000213e+01 4.857798648600584634e+00
2.250000000000000000e+01 4.834062563408386914e+00
2.260000000000000142e+01 4.822100348813837201e+00
2.270000000000000284e+01 4.818582604741914466e+00
2.280000000000000071e+01 4.819074671290330514e+00
2.290000000000000213e+01 4.818941103086789468e+00
2.300000000000000000e+01 4.814076505655716431e+00
2.310000000000000142e+01 4.801393111028096961e+00
2.320000000000000284e+01 4.779122801348650640e+00
2.330000000000000071e+01 4.747027050455320918e+00
2.340000000000000213e+01 4.706574555523481251e+00
2.350000000000000000e+01 4.661070707051893081e+00
2.360000000000000142e+01 4.615621002211327095e+00
2.370000000000000284e+01 4.576713278850049527e+00
2.380000000000000071e+01 4.551203121736274504e+00
2.390000000000000213e+01 4.544720595316050549e+00
2.400000000000000000e+01 4.559985708270413163e+00
2.410000000000000142e+01 4.595861387743455317e+00
2.420000000000000284e+01 4.647695003469540787e+00
2.430000000000000071e+01 4.708705706782636113e+00
2.440000000000000213e+01 4.771619125523503868e+00
2.450000000000000000e+01 4.829876488500471687e+00
2.460000000000000142e+01 4.878225780460581973e+00
2.470000000000000284e+01 4.912852301252163656e+00
2.480000000000000071e+01 4.931291758591899388e+00
2.490000000000000213e+01 4.932307109895167407e+00
2.500000000000000000e+01 4.915822659748005918e+00
2.510000000000000142e+01 4.882942722515695166e+00
2.520000000000000284e+01 4.836035437692435046e+00
2.530000000000000071e+01 4.778818298299592371e+00
2.540000000000000213e+01 4.716330245815770539e+00
2.550000000000000000e+01 4.654629858898310601e+00
2.560000000000000142e+01 4.600074989218457588e+00
2.570000000000000284e+01 4.558193489726392045e+00
2.580000000000000071e+01 4.532447349953232951e+00
2.590000000000000213e+01 4.523427039057990484e+00
2.600000000000000000e+01 4.528900662668112531e+00
2.610000000000000142e+01 4.544676486555492723e+00
2.620000000000000284e+01 4.565810982585943201e+00
2.630000000000000071e+01 4.587653183371354082e+00
2.640000000000000213e+01 4.606480512880163580e+00
2.650000000000000000e+01 4.619754333219779241e+00
2.660000000000000142e+01 4.626142343569693338e+00
2.670000000000000284e+01 4.625442082027208635e+00
2.680000000000000071e+01 4.618474361162874686e+00
2.690000000000000213e+01 4.606950366885321557e+00
2.700000000000000000e+01 4.593272828729657142e+00
2.710000000000000142e+01 4.580220487801255125e+00
2.720000000000000284e+01 4.570495729725368328e+00
2.730000000000000071e+01 4.566187674048111766e+00
2.740000000000000213e+01 4.568287468484214742e+00
2.750000000000000000e+01 4.576428123744059384e+00
2.760000000000000142e+01 4.588959949505296620e+00
2.770000000000000284e+01 4.603338217325843473e+00
2.780000000000000071e+01 4.616681648867508869e+00
2.790000000000000213e+01 4.626331823695292833e+00
2.800000000000000000e+01 4.630298837737804263e+00
2.810000000000000142e+01 4.627557445539824066e+00
2.820000000000000284e+01 4.618208585592933346e+00
2.830000000000000071e+01 4.603528750512188239e+00
2.840000000000000213e+01 4.585906264214079542e+00
2.850000000000000000e+01 4.568631866983100309e+00
2.860000000000000142e+01 4.555498552880270502e+00
2.870000000000000284e+01 4.550200921134779364e+00
2.880000000000000071e+01 4.555618123799167307e+00
2.890000000000000213e+01 4.573177196791203158e+00
2.900000000000000000e+01 4.602533262177180617e+00
2.910000000000000142e+01 4.641700306586215241e+00
2.920000000000000284e+01 4.687568277703533681e+00
2.930000000000000071e+01 4.736590231834178155e+00
2.940000000000000213e+01 4.785411812369231299e+00
2.950000000000000000e+01 4.831312172742971534e+00
2.960000000000000142e+01 4.872435529591752967e+00
2.970000000000000284e+01 4.907854366529531553e+00
2.980000000000000071e+01 4.937515501937722817e+00
2.990000000000000213e+01 4.962103822873562109e+00
3.000000000000000000e+01 4.982839999884494553e+00
3.010000000000000142e+01 5.001222079612701599e+00
3.020000000000000284e+01 5.018730458319490495e+00
3.030000000000000071e+01 5.036536039875493920e+00
3.040000000000000213e+01 5.055268969118807298e+00
3.050000000000000000e+01 5.074904666325009472e+00
3.060000000000000142e+01 5.094798374122792239e+00
3.070000000000000284e+01 5.113858993935113340e+00
3.080000000000000071e+01 5.130818385928701097e+00
3.090000000000000213e+01 5.144539138459008676e+00
3.100000000000000000e+01 5.154311337634243095e+00
3.110000000000000142e+01 5.160103049092089833e+00
3.120000000000000284e+01 5.162734543413793453e+00
3.130000000000000071e+01 5.163936059221684971e+00
3.140000000000000213e+01 5.166230801751664714e+00
3.150000000000000000e+01 5.172583075732958946e+00
3.160000000000000142e+01 5.185799806336248707e+00
3.170000000000000284e+01 5.207787337176491782e+00
3.180000000000000071e+01 5.238896883610530075e+00
3.190000000000000213e+01 5.277629983852611950e+00
3.200000000000000000e+01 5.320841840305415182e+00
3.210000000000000142e+01 5.364345544304142344e+00
3.220000000000000284e+01 5.403658165699212645e+00
3.230000000000000426e+01 5.434640236174580252e+00
3.239999999999999858e+01 5.453907611759548857e+00
3.250000000000000000e+01 5.459023913490314683e+00
3.260000000000000142e+01 5.448549935575717207e+00
3.270000000000000284e+01 5.422037627766538748e+00
3.280000000000000426e+01 5.380038835464986846e+00
3.289999999999999858e+01 5.324172417068631091e+00
3.300000000000000000e+01 5.257259963944661330e+00
3.310000000000000142e+01 5.183489768794222741e+00
3.320000000000000284e+01 5.108489202150098940e+00
3.330000000000000426e+01 5.039089076573629811e+00
3.339999999999999858e+01 4.982526368311469334e+00
3.350000000000000000e+01 4.945002773898849568e+00
3.360000000000000142e+01 4.929970305028336774e+00
3.370000000000000284e+01 4.936971241552456924e+00
3.380000000000000426e+01 4.961755976592979955e+00
3.389999999999999858e+01 4.997630153165320444e+00
3.400000000000000000e+01 5.037257438294400202e+00
3.410000000000000142e+01 5.074119631213608095e+00
3.420000000000000284e+01 5.103318753968483001e+00
3.430000000000000426e+01 5.121836349455138659e+00
3.439999999999999858e+01 5.128506298746041026e+00
3.450000000000000000e+01 5.123900309318363711e+00
3.460000000000000142e+01 5.110209425331270872e+00
3.470000000000000284e+01 5.091095871947059592e+00
3.480000000000000426e+01 5.071404465553925434e+00
3.489999999999999858e+01 5.056586046788607902e+00
3.500000000000000000e+01 5.051752588978752456e+00
3.510000000000000142e+01 5.060496066293653783e+00
3.520000000000000284e+01 5.083873748943203097e+00
3.530000000000000426e+01 5.120043228252224132e+00
3.539999999999999858e+01 5.164747332907832167e+00
3.550000000000000000e+01 5.212390287743110306e+00
3.560000000000000142e+01 5.257205640549523551e+00
3.570000000000000284e+01 5.294134897894073433e+00
3.580000000000000426e+01 5.319311556871333835e+00
3.589999999999999858e+01 5.330243621471326243e+00
3.600000000000000000e+01 5.325845037154656403e+00
3.610000000000000142e+01 5.306435694445500673e+00
3.620000000000000284e+01 5.273769874487101106e+00
3.630000000000000426e+01 5.231087874859620790e+00
3.639999999999999858e+01 5.183114321270686276e+00
3.650000000000000000e+01 5.135852370350895590e+00
3.660000000000000142e+01 5.095984648076679058e+00
3.670000000000000284e+01 5.069777761601454102e+00
3.680000000000000426e+01 5.061667287376021562e+00
3.689999999999999858e+01 5.073057271092737075e+00
3.700000000000000000e+01 5.101952112379550819e+00
3.710000000000000142e+01 5.143626146319597581e+00
3.720000000000000284e+01 5.191935490124985009e+00
3.730000000000000426e+01 5.240628737272250426e+00
3.739999999999999858e+01 5.284233488235979159e+00
3.750000000000000000e+01 5.318456655209040207e+00
3.760000000000000142e+01 5.340249628297006446e+00
3.770000000000000284e+01 5.347721944899297419e+00
3.780000000000000426e+01 5.340032449985830709e+00
3.789999999999999858e+01 5.317321476449606621e+00
3.800000000000000000e+01 5.280697920996914263e+00
3.810000000000000142e+01 5.232259057035119731e+00
3.820000000000000284e+01 5.175089775638680223e+00
3.830000000000000426e+01 5.113159674294061041e+00
3.840000000000000568e+01 5.051024433213497034e+00
3.850000000000000000e+01 4.993272615806217729e+00
3.860000000000000142e+01 4.943767370698377128e+00
3.870000000000000284e+01 4.904889039754732671e+00
3.880000000000000426e+01 4.877080539148641591e+00
3.890000000000000568e+01 4.858913193894954574e+00
3.900000000000000000e+01 4.847645771590263664e+00
3.910000000000000142e+01 4.840024780632809609e+00
3.920000000000000284e+01 4.833028414551630014e+00
3.930000000000000426e+01 4.824372404503697531e+00
3.940000000000000568e+01 4.812744337573541031e+00
3.950000000000000000e+01 4.797820085997566153e+00
3.960000000000000142e+01 4.780132755164462566e+00
3.970000000000000284e+01 4.760845810921574106e+00
3.980000000000000426e+01 4.741462075198764836e+00
3.990000000000000568e+01 4.723496695504055154e+00
4.000000000000000000e+01 4.708155713104879680e+00
4.010000000000000142e+01 4.696079559935991909e+00
4.020000000000000284e+01 4.687213280350286837e+00
4.030000000000000426e+01 4.680840001354217961e+00
4.040000000000000568e+01 4.675767809765556393e+00
4.050000000000000000e+01 4.670616091914074453e+00
4.060000000000000142e+01 4.664127586567467176e+00
4.070000000000000284e+01 4.655441186734166514e+00
4.080000000000000426e+01 4.644284907865259271e+00
4.090000000000000568e+01 4.631071422472879284e+00
4.100000000000000000e+01 4.616890825325365100e+00
4.110000000000000142e+01 4.603398070040042533e+00
4.120000000000000284e+01 4.592594313402113215e+00
4.130000000000000426e+01 4.586512672839441862e+00
4.140000000000000568e+01 4.586845357595499273e+00
4.150000000000000000e+01 4.594584249369165541e+00
4.160000000000000142e+01 4.609769673620636610e+00
4.170000000000000284e+01 4.631428158197162581e+00
4.180000000000000426e+01 4.657724665530646568e+00
4.190000000000000568e+01 4.686284121145576798e+00
4.200000000000000000e+01 4.714590053652461421e+00
4.210000000000000142e+01 4.740365102915627737e+00
4.220000000000000284e+01 4.761868308052352283e+00
4.230000000000000426e+01 4.778081371468722693e+00
4.240000000000000568e+01 4.788781068104267291e+00
4.250000000000000000e+01 4.794503650222530666e+00
4.260000000000000142e+01 4.796406935607450350e+00
4.270000000000000284e+01 4.796037919685629092e+00
4.280000000000000426e+01 4.795026548905391373e+00
4.290000000000000568e+01 4.794749885899878272e+00
4.300000000000000000e+01 4.796034283569102996e+00
4.310000000000000142e+01 4.798968315858182621e+00
4.320000000000000284e+01 4.802874216288968157e+00
4.330000000000000426e+01 4.806437954912698096e+00
4.340000000000000568e+01 4.807952762710346661e+00
4.350000000000000000e+01 4.805611504759537134e+00
4.360000000000000142e+01 4.797794674108795121e+00
4.370000000000000284e+01 4.783329176413987582e+00
4.380000000000000426e+01 4.761719464671375412e+00
4.390000000000000568e+01 4.733363641908087338e+00
4.400000000000000000e+01 4.699756610579202132e+00
4.410000000000000142e+01 4.663647552186287015e+00
4.420000000000000284e+01 4.629062164493815246e+00
4.430000000000000426e+01 4.601041339795706619e+00
4.440000000000000568e+01 4.584945558402695909e+00
4.450000000000000000e+01 4.585314829492460831e+00
4.460000000000000142e+01 4.604575117539324580e+00
4.470000000000000284e+01 4.642153030425272497e+00
4.480000000000000426e+01 4.694479984927208527e+00
4.490000000000000568e+01 4.755884160116933934e+00
4.500000000000000000e+01 4.819888079730107577e+00
4.510000000000000142e+01 4.880353843933304070e+00
4.520000000000000284e+01 4.932192258766701087e+00
4.530000000000000426e+01 4.971655276093235543e+00
4.540000000000000568e+01 4.996374602792233333e+00
4.550000000000000000e+01 5.005311400670036548e+00
4.560000000000000142e+01 4.998727011379751950e+00
4.570000000000000284e+01 4.978224448207769548e+00
4.580000000000000426e+01 4.946853428692811860e+00
4.590000000000000568e+01 4.909204754890177824e+00
4.600000000000000000e+01 4.871334172804361984e+00
4.610000000000000142e+01 4.840281729773870723e+00
4.620000000000000284e+01 4.822992495689799597e+00
4.630000000000000426e+01 4.824728528820202200e+00
4.640000000000000568e+01 4.847537890034560704e+00
4.650000000000000000e+01 4.889598582426276430e+00
4.660000000000000142e+01 4.945857073661315439e+00
4.670000000000000284e+01 5.009582217256156156e+00
4.680000000000000426e+01 5.074018480034597545e+00
4.690000000000000568e+01 5.133544323621907601e+00
4.700000000000000000e+01 5.184218305197919818e+00
4.710000000000000142e+01 5.223892964752807622e+00
4.720000000000000284e+01 5.252122255034134213e+00
4.730000000000000426e+01 5.270007853810213305e+00
4.740000000000000568e+01 5.280030186488475330e+00
4.750000000000000000e+01 5.285830902728759106e+00
4.760000000000000142e+01 5.291864303543975190e+00
4.770000000000000284e+01 5.302831816665927178e+00
4.780000000000000426e+01 5.322884322464657814e+00
4.790000000000000568e+01 5.354726281789582210e+00
4.800000000000000000e+01 5.398908007560233813e+00
4.810000000000000142e+01 5.453605749696815330e+00
4.820000000000000284e+01 5.514993682597387092e+00
4.830000000000000426e+01 5.578032615291255603e+00
4.840000000000000568e+01 5.637352174403125638e+00
4.850000000000000000e+01 5.687963923530440447e+00
4.860000000000000142e+01 5.725708596135157258e+00
4.870000000000000284e+01 5.747477140260927264e+00
4.880000000000000426e+01 5.751302074267842457e+00
4.890000000000000568e+01 5.736413124182276668e+00
4.900000000000000000e+01 5.703323635218793264e+00
4.910000000000000142e+01 5.653978845683319321e+00
4.920000000000000284e+01 5.591950346559119822e+00
4.930000000000000426e+01 5.522588175928063059e+00
4.940000000000000568e+01 5.452937364869785419e+00
4.950000000000000000e+01 5.391135104538236078e+00
4.960000000000000142e+01 5.345069464857888697e+00
4.970000000000000284e+01 5.320467102045261854e+00
4.980000000000000426e+01 5.319174425490512448e+00
4.990000000000000568e+01 5.338614632778541313e+00
5.000000000000000000e+01 5.372768126625368623e+00
5.010000000000000142e+01 5.414040435877243596e+00
5.020000000000000284e+01 5.455023512512682693e+00
5.030000000000000426e+01 5.489576062981496918e+00
5.040000000000000568e+01 5.513219369542648352e+00
5.050000000000000000e+01 5.523115929824117032e+00
5.060000000000000142e+01 5.517890401039555748e+00
5.070000000000000284e+01 5.497446270951964031e+00
5.080000000000000426e+01 5.462836414170543442e+00
5.090000000000000568e+01 5.416184745177551108e+00
5.100000000000000000e+01 5.360618509103974638e+00
5.110000000000000142e+01 5.300144778632697395e+00
5.120000000000000284e+01 5.239392035596507569e+00
5.130000000000000426e+01 5.183155752087086121e+00
5.140000000000000568e+01 5.135757739558183488e+00
5.150000000000000000e+01 5.100347819453088682e+00
5.160000000000000142e+01 5.078379194025513854e+00
5.170000000000000284e+01 5.069477704936943496e+00
5.180000000000000426e+01 5.071767587870388283e+00
5.190000000000000568e+01 5.082511352453948916e+00
5.200000000000000000e+01 5.098814794673122819e+00
5.210000000000000142e+01 5.118187610215392702e+00
5.220000000000000284e+01 5.138864336185691606e+00
5.230000000000000426e+01 5.159888280504786984e+00
5.240000000000000568e+01 5.181007437695480888e+00
5.250000000000000000e+01 5.202441242975750058e+00
5.260000000000000142e+01 5.224577269116764455e+00
5.270000000000000284e+01 5.247661044953577658e+00
5.280000000000000426e+01 5.271545843214370919e+00
5.290000000000000568e+01 5.295559866003832106e+00
5.300000000000000000e+01 5.318518904303173755e+00
5.310000000000000142e+01 5.338871422893992857e+00
5.320000000000000284e+01 5.354928860946535529e+00
5.330000000000000426e+01 5.365121560650289112e+00
5.340000000000000568e+01 5.368230600511822104e+00
5.350000000000000000e+01 5.363566471758860921e+00
5.360000000000000142e+01 5.351083840689552673e+00
5.370000000000000284e+01 5.331430422068098807e+00
5.380000000000000426e+01 5.305927356175523357e+00
5.390000000000000568e+01 5.276473453882114306e+00
5.400000000000000000e+01 5.245363626633072762e+00
5.410000000000000142e+01 5.215020227378607487e+00
5.420000000000000284e+01 5.187658872070002758e+00
5.430000000000000426e+01 5.164942795674416942e+00
5.440000000000000568e+01 5.147705664956387928e+00
5.450000000000000000e+01 5.135821276946414216e+00
5.460000000000000142e+01 5.128261153162574359e+00
5.470000000000000284e+01 5.123323257748117143e+00
5.480000000000000426e+01 5.118967750410562623e+00
5.490000000000000568e+01 5.113180788920806741e+00
5.500000000000000000e+01 5.104302935806866337e+00
5.510000000000000142e+01 5.091285679564837352e+00
5.520000000000000284e+01 5.073859160087542008e+00
5.530000000000000426e+01 5.052598683284248438e+00
5.540000000000000568e+01 5.028871197982711649e+00
5.550000000000000000e+01 5.004638139524955953e+00
5.560000000000000142e+01 4.982104231981208109e+00
5.570000000000000284e+01 4.963244313105681371e+00
5.580000000000000426e+01 4.949303725650203489e+00
5.590000000000000568e+01 4.940415536008669228e+00
5.600000000000000000e+01 4.935463341969707152e+00
5.610000000000000142e+01 4.932230954642578880e+00
5.620000000000000284e+01 4.927769097648611485e+00
5.630000000000000426e+01 4.918845839183080493e+00
5.640000000000000568e+01 4.902361567089816852e+00
5.650000000000000000e+01 4.875672866535748717e+00
5.660000000000000142e+01 4.836834982448561249e+00
5.670000000000000284e+01 4.784811021762904737e+00
5.680000000000000426e+01 4.719703551419944354e+00
5.690000000000000568e+01 4.643044762270044146e+00
5.700000000000000000e+01 4.558130979355946799e+00
5.710000000000000142e+01 4.470291171898658433e+00
5.720000000000000284e+01 4.386834081112263029e+00
5.730000000000000426e+01 4.316297475083036517e+00
5.740000000000000568e+01 4.266741390546409995e+00
5.750000000000000000e+01 4.243409708505093469e+00
5.760000000000000142e+01 4.246874894889835161e+00
5.770000000000000284e+01 4.272862135753409341e+00
5.780000000000000426e+01 4.313866659447496588e+00
5.790000000000000568e+01 4.361474060404563424e+00
5.800000000000000000e+01 4.408184992452569340e+00
5.810000000000000142e+01 4.448295272674199552e+00
5.820000000000000284e+01 4.478038819196385134e+00
5.830000000000000426e+01 4.495386330651292894e+00
5.840000000000000568e+01 4.499792866421183923e+00
5.850000000000000000e+01 4.492035502930407986e+00
5.860000000000000142e+01 4.474166381578565499e+00
5.870000000000000284e+01 4.449523079590063546e+00
5.880000000000000426e+01 4.422666471869902693e+00
5.890000000000000568e+01 4.399061577798121903e+00
5.900000000000000000e+01 4.384333954873087968e+00
5.910000000000000142e+01 4.383105694863941082e+00
5.920000000000000284e+01 4.397737669518754444e+00
5.930000000000000426e+01 4.427555760841812571e+00
5.940000000000000568e+01 4.469001599908868805e+00
5.950000000000000000e+01 4.516632952058348138e+00
5.960000000000000142e+01 4.564452038096819209e+00
5.970000000000000284e+01 4.607023680773828289e+00
5.980000000000000426e+01 4.640144737033518041e+00
5.990000000000000568e+01 4.661114768534008412e+00
6.000000000000000000e+01 4.668774656614202989e+00
6.010000000000000142e+01 4.663460139724472597e+00
6.020000000000000284e+01 4.646944207763583634e+00
6.030000000000000426e+01 4.622363397194818369e+00
6.040000000000000568e+01 4.594053366235992364e+00
6.050000000000000000e+01 4.567173463660557431e+00
6.060000000000000142e+01 4.547016263113198953e+00
6.070000000000000284e+01 4.538024042010775361e+00
6.080000000000000426e+01 4.542756145135073531e+00
6.090000000000000568e+01 4.561220174042468045e+00
6.100000000000000000e+01 4.590894299670524425e+00
6.110000000000000142e+01 4.627423468069080670e+00
6.120000000000000284e+01 4.665641694983582610e+00
6.130000000000000426e+01 4.700512818738219245e+00
6.140000000000000568e+01 4.727763916423342039e+00
6.150000000000000000e+01 4.744203622141973220e+00
6.160000000000000142e+01 4.747835471271141472e+00
6.170000000000000284e+01 4.737891165621010536e+00
6.180000000000000426e+01 4.714871822399854473e+00
6.190000000000000568e+01 4.680634121417761584e+00
6.200000000000000000e+01 4.638501219307723744e+00
6.210000000000000142e+01 4.593308950396076895e+00
6.220000000000000284e+01 4.551219808666690625e+00
6.230000000000000426e+01 4.519096692409074301e+00
6.240000000000000568e+01 4.503328316386285834e+00
6.250000000000000000e+01 4.508317159535266683e+00
6.260000000000000142e+01 4.535236158424059916e+00
6.270000000000000284e+01 4.581726410870338384e+00
6.280000000000000426e+01 4.642715934499856090e+00
6.290000000000000568e+01 4.711879412759233610e+00
6.300000000000000000e+01 4.783032871033942257e+00
6.310000000000000142e+01 4.851037701082107745e+00
6.320000000000000284e+01 4.912180046308743719e+00
6.330000000000000426e+01 4.964196186732472427e+00
6.340000000000000568e+01 5.006125503369556640e+00
6.350000000000000000e+01 5.038102435525040335e+00
6.360000000000000142e+01 5.061129378238865328e+00
6.370000000000000284e+01 5.076831978087459341e+00
6.380000000000000426e+01 5.087187925559882196e+00
6.390000000000000568e+01 5.094233292525421675e+00
6.400000000000000000e+01 5.099776029600436189e+00
6.410000000000000853e+01 5.105168725718655764e+00
6.420000000000000284e+01 5.111195125690317198e+00
6.429999999999999716e+01 5.118099512006600627e+00
6.440000000000000568e+01 5.125745011294961628e+00
6.450000000000000000e+01 5.133848848708590928e+00
6.460000000000000853e+01 5.142227701329074918e+00
6.470000000000000284e+01 5.150995651939207498e+00
6.479999999999999716e+01 5.160677880663461004e+00
6.490000000000000568e+01 5.172221257693868424e+00
6.500000000000000000e+01 5.186893794326397966e+00
6.510000000000000853e+01 5.206074469886678990e+00
6.520000000000000284e+01 5.230953573210564755e+00
6.529999999999999716e+01 5.262195316972661630e+00
6.540000000000000568e+01 5.299647374974219005e+00
6.550000000000000000e+01 5.342190905159137415e+00
6.560000000000000853e+01 5.387790296949450664e+00
6.570000000000000284e+01 5.433734002842348865e+00
6.579999999999999716e+01 5.476993924015774340e+00
6.590000000000000568e+01 5.514606215508110587e+00
6.600000000000000000e+01 5.543996272004841686e+00
6.610000000000000853e+01 5.563212671632456363e+00
6.620000000000000284e+01 5.571072301270126204e+00
6.629999999999999716e+01 5.567237856889806658e+00
6.640000000000000568e+01 5.552248942365629603e+00
6.650000000000000000e+01 5.527514648807645870e+00
6.660000000000000853e+01 5.495255065610913370e+00
6.670000000000000284e+01 5.458358720747250814e+00
6.679999999999999716e+01 5.420113598524170406e+00
6.690000000000000568e+01 5.383787234039263403e+00
6.700000000000000000e+01 5.352088484577087080e+00
6.710000000000000853e+01 5.326627294949778602e+00
6.720000000000000284e+01 5.307548359922981795e+00
6.729999999999999716e+01 5.293488553982150790e+00
6.740000000000000568e+01 5.281888502331179680e+00
6.750000000000000000e+01 5.269549525537627233e+00
6.760000000000000853e+01 5.253261377867803006e+00
6.770000000000000284e+01 5.230359605111493337e+00
6.779999999999999716e+01 5.199154502037813153e+00
6.790000000000000568e+01 5.159241879256937224e+00
6.800000000000000000e+01 5.111725501942103733e+00
6.810000000000000853e+01 5.059349546712538448e+00
6.820000000000000284e+01 5.006469549816384479e+00
6.829999999999999716e+01 4.958712774772694232e+00
6.840000000000000568e+01 4.922163956916737249e+00
6.850000000000000000e+01 4.902063198426571233e+00
6.860000000000000853e+01 4.901343563308069307e+00
6.870000000000000284e+01 4.919643324969248610e+00
6.879999999999999716e+01 4.953324194633680122e+00
6.890000000000000568e+01 4.996464511998134128e+00
6.900000000000000000e+01 5.042263630504943528e+00
6.910000000000000853e+01 5.084242785407559140e+00
6.920000000000000284e+01 5.116959423649777960e+00
6.929999999999999716e+01 5.136287429717838471e+00
6.940000000000000568e+01 5.139459840846059002e+00
6.950000000000000000e+01 5.125063645942937285e+00
6.960000000000000853e+01 5.093116874210965150e+00
6.970000000000000284e+01 5.045297283172043734e+00
6.979999999999999716e+01 4.985323859255973211e+00
6.990000000000000568e+01 4.919375195151358682e+00
7.000000000000000000e+01 4.856219526087381055e+00
7.010000000000000853e+01 4.806483741156514888e+00
7.020000000000000284e+01 4.780521473181540415e+00
7.029999999999999716e+01 4.785149459237691971e+00
7.040000000000000568e+01 4.820900750639735222e+00
7.050000000000000000e+01 4.881776527616100481e+00
7.060000000000000853e+01 4.957700083558040483e+00
7.070000000000000284e+01 5.037854250469365525e+00
7.079999999999999716e+01 5.113065681143677210e+00
7.090000000000000568e+01 5.176742975818255488e+00
7.100000000000000000e+01 5.224833889338434290e+00
7.110000000000000853e+01 5.255398928599178454e+00
7.120000000000000284e+01 5.268166553461812285e+00
7.129999999999999716e+01 5.264210715672087204e+00
7.140000000000000568e+01 5.245763493657794818e+00
7.150000000000000000e+01 5.216111765715783832e+00
7.160000000000000853e+01 5.179487059435696317e+00
7.170000000000000284e+01 5.140828863927761283e+00
7.179999999999999716e+01 5.105304351901098769e+00
7.190000000000000568e+01 5.077545279998264327e+00
7.200000000000000000e+01 5.060735122000139086e+00
7.210000000000000853e+01 5.055867546594648765e+00
7.220000000000000284e+01 5.061528331954826321e+00
7.229999999999999716e+01 5.074330413083343316e+00
7.240000000000000568e+01 5.089802214710423378e+00
7.250000000000000000e+01 5.103357324255328287e+00
7.260000000000000853e+01 5.111052250716930700e+00
7.270000000000000284e+01 5.110036161738700677e+00
7.279999999999999716e+01 5.098748721489169355e+00
7.290000000000000568e+01 5.076973571796910889e+00
7.300000000000000000e+01 5.045833370239730442e+00
7.310000000000000853e+01 5.007758137395940778e+00
7.320000000000000284e+01 4.966394627965253328e+00
7.329999999999999716e+01 4.926364725556933166e+00
7.340000000000000568e+01 4.892754219206224775e+00
7.350000000000000000e+01 4.870272079260042020e+00
7.360000000000000853e+01 4.862200412828379115e+00
7.370000000000000284e+01 4.869484930707932868e+00
7.379999999999999716e+01 4.890390115903533896e+00
7.390000000000000568e+01 4.920911668426052543e+00
7.400000000000000000e+01 4.955743256519880013e+00
7.410000000000000853e+01 4.989363625254681800e+00
7.420000000000000284e+01 5.016886318456984739e+00
7.429999999999999716e+01 5.034547154115983858e+00
7.440000000000000568e+01 5.039888951727416355e+00
7.450000000000000000e+01 5.031767296313207183e+00
7.460000000000000853e+01 5.010282660456685022e+00
7.470000000000000284e+01 4.976697594510619993e+00
7.479999999999999716e+01 4.933352367062902033e+00
7.490000000000000568e+01 4.883555971293901621e+00
7.500000000000000000e+01 4.831403115570269691e+00
7.510000000000000853e+01 4.781458530452247224e+00
7.520000000000000284e+01 4.738273143048738589e+00
7.529999999999999716e+01 4.705765468531482476e+00
7.540000000000000568e+01 4.686600686282117678e+00
7.550000000000000000e+01 4.681768471437451673e+00
7.560000000000000853e+01 4.690525910529990128e+00
7.570000000000000284e+01 4.710727724203652933e+00
7.579999999999999716e+01 4.739404189970476189e+00
7.590000000000000568e+01 4.773376205062625388e+00
7.600000000000000000e+01 4.809740643998318355e+00
7.610000000000000853e+01 4.846156108133380158e+00
7.620000000000000284e+01 4.880939709903139523e+00
7.629999999999999716e+01 4.913023240039803063e+00
7.640000000000000568e+01 4.941822141747175046e+00
7.650000000000000000e+01 4.967062706996145494e+00
7.660000000000000853e+01 4.988604252875589395e+00
7.670000000000000284e+01 5.006286764924061217e+00
7.680000000000001137e+01 5.019828333662517572e+00
7.690000000000000568e+01 5.028787858638965602e+00
7.700000000000000000e+01 5.032596679444763410e+00
7.710000000000000853e+01 5.030650660826994525e+00
7.720000000000000284e+01 5.022445389334206034e+00
7.730000000000001137e+01 5.007733380493686326e+00
7.740000000000000568e+01 4.986682313094672914e+00
7.750000000000000000e+01 4.960013715213737129e+00
7.760000000000000853e+01 4.929098447377451286e+00
7.770000000000000284e+01 4.895977456272855299e+00
7.780000000000001137e+01 4.863267556895039867e+00
7.790000000000000568e+01 4.833913639353879077e+00
7.800000000000000000e+01 4.810776738526534757e+00
7.810000000000000853e+01 4.796110440648567064e+00
7.820000000000000284e+01 4.791057031136667810e+00
7.830000000000001137e+01 4.795336645619215687e+00
7.840000000000000568e+01 4.807256186100886453e+00
7.850000000000000000e+01 4.824039324920159189e+00
7.860000000000000853e+01 4.842353848155055651e+00
7.870000000000000284e+01 4.858866992438068522e+00
7.880000000000001137e+01 4.870702232849655644e+00
7.890000000000000568e+01 4.875750242977586524e+00
7.900000000000000000e+01 4.872848528374492005e+00
7.910000000000000853e+01 4.861867847438756662e+00
7.920000000000000284e+01 4.843735414521293414e+00
7.930000000000001137e+01 4.820399337462467848e+00
7.940000000000000568e+01 4.794708308766191251e+00
7.950000000000000000e+01 4.770158020668747056e+00
7.960000000000000853e+01 4.750459341405924185e+00
7.970000000000000284e+01 4.738933172264485627e+00
7.980000000000001137e+01 4.737833772052360004e+00
7.990000000000000568e+01 4.747799409422254868e+00
8.000000000000000000e+01 4.767642380248808820e+00
