0.000000000000000000e+00 0.000000000000000000e+00
7.812500000000000000e-03 9.746576328739653405e-04
1.562500000000000000e-02 3.875890851322782993e-03
2.343750000000000000e-02 8.636364556417586158e-03
3.125000000000000000e-02 1.514675997279668618e-02
3.906250000000000000e-02 2.325999590679717066e-02
4.687500000000000000e-02 3.279686881981569435e-02
5.468750000000000000e-02 4.355285791566698705e-02
6.250000000000000000e-02 5.530579070689845000e-02
7.031250000000000000e-02 6.782402857857694478e-02
7.812500000000000000e-02 8.087481237618088237e-02
8.593750000000000000e-02 9.423240583849534779e-02
9.375000000000000000e-02 1.076856897341459396e-01
1.015625000000000000e-01 1.210448909317094479e-01
1.093750000000000000e-01 1.341471766133031096e-01
1.171875000000000000e-01 1.468609019845517061e-01
1.250000000000000000e-01 1.590883671050152826e-01
1.328125000000000000e-01 1.707670113997070693e-01
1.406250000000000000e-01 1.818690493060175495e-01
1.484375000000000000e-01 1.923996236015454997e-01
1.562500000000000000e-01 2.023936206311042207e-01
1.640625000000000000e-01 2.119113506191052654e-01
1.718750000000000000e-01 2.210333437266843726e-01
1.796875000000000000e-01 2.298545463367198671e-01
1.875000000000000000e-01 2.384782208093718658e-01
1.953125000000000000e-01 2.470098550343704513e-01
2.031250000000000000e-01 2.555513757265589492e-01
2.109375000000000000e-01 2.641959325813718618e-01
2.187500000000000000e-01 2.730234808751301756e-01
2.265625000000000000e-01 2.820973402402255914e-01
2.343750000000000000e-01 2.914618500404904111e-01
2.421875000000000000e-01 3.011411802232200063e-01
2.500000000000000000e-01 3.111392940928954243e-01
2.578125000000000000e-01 3.214409994715808905e-01
2.656250000000000000e-01 3.320139703092974681e-01
2.734375000000000000e-01 3.428115747391167201e-01
2.812500000000000000e-01 3.537763100755600965e-01
2.890625000000000000e-01 3.648436219421682392e-01
2.968750000000000000e-01 3.759458744907269168e-01
3.046875000000000000e-01 3.870162417043274683e-01
3.125000000000000000e-01 3.979923054851848274e-01
3.203125000000000000e-01 4.088191733493474755e-01
3.281250000000000000e-01 4.185494986619471280e-01
3.359375000000000000e-01 4.148220050849580343e-01
3.437500000000000000e-01 4.025341585591523108e-01
3.515625000000000000e-01 3.911854616106191784e-01
3.593750000000000000e-01 3.809613097340780463e-01
3.671875000000000000e-01 3.720100376454104074e-01
3.750000000000000000e-01 3.644434216668868132e-01
3.828125000000000000e-01 3.575754150494336869e-01
3.906250000000000000e-01 3.504525427772662294e-01
3.984375000000000000e-01 3.447049835201052570e-01
4.062500000000000000e-01 3.404705548113915459e-01
4.140625000000000000e-01 3.378470624542897482e-01
4.218750000000000000e-01 3.368890286829185898e-01
4.296875000000000000e-01 3.376061797335734305e-01
4.375000000000000000e-01 3.399637702081433899e-01
4.453125000000000000e-01 3.438847301574858850e-01
4.531250000000000000e-01 3.492535298365657681e-01
4.609375000000000000e-01 3.419224432779763845e-01
4.687500000000000000e-01 3.297374973504503259e-01
4.765625000000000000e-01 3.183092754191972906e-01
4.843750000000000000e-01 3.078522794880436120e-01
4.921875000000000000e-01 2.985710209557475014e-01
5.000000000000000000e-01 2.906532048506248467e-01
5.078125000000000000e-01 2.842633190422440004e-01
5.156250000000000000e-01 2.795368561110687100e-01
5.234375000000000000e-01 2.765753740251035708e-01
5.312500000000000000e-01 2.754425728066642876e-01
5.390625000000000000e-01 2.761615290681986856e-01
5.468750000000000000e-01 2.787131899819276226e-01
5.546875000000000000e-01 2.830361844313065145e-01
5.625000000000000000e-01 2.890279633992804964e-01
5.703125000000000000e-01 2.885385535443780736e-01
5.781250000000000000e-01 2.839045138955995640e-01
5.859375000000000000e-01 2.800810844671214328e-01
5.937500000000000000e-01 2.706386060173306962e-01
6.015625000000000000e-01 2.611997000707565464e-01
6.093750000000000000e-01 2.518204147159647244e-01
6.171875000000000000e-01 2.425729953365552971e-01
6.250000000000000000e-01 2.335452988424292498e-01
6.328125000000000000e-01 2.248392596046415726e-01
6.406250000000000000e-01 2.165684114877580724e-01
6.484375000000000000e-01 2.088545252586764267e-01
6.562500000000000000e-01 2.018234746181567507e-01
6.640625000000000000e-01 1.956004940429038053e-01
6.718750000000000000e-01 1.903050345842280944e-01
6.796875000000000000e-01 1.860454571054716011e-01
6.875000000000000000e-01 1.829138239887106998e-01
6.953125000000000000e-01 1.809810585378537340e-01
7.031250000000000000e-01 1.802927352863532562e-01
7.109375000000000000e-01 1.808657440798202565e-01
7.187500000000000000e-01 1.826860368232755549e-01
7.265625000000000000e-01 1.857076195927263029e-01
7.343750000000000000e-01 1.898528965360690712e-01
7.421875000000000000e-01 1.950144083422513663e-01
7.500000000000000000e-01 2.010579402047163455e-01
7.578125000000000000e-01 2.078269055982325808e-01
7.656250000000000000e-01 2.151478463875431402e-01
7.734375000000000000e-01 2.228368302708239046e-01
7.812500000000000000e-01 2.307064765417827790e-01
7.890625000000000000e-01 2.385733034001547015e-01
7.968750000000000000e-01 2.462650667253664105e-01
8.046875000000000000e-01 2.536277528089985189e-01
8.125000000000000000e-01 2.605318966724742280e-01
8.203125000000000000e-01 2.649037861259617710e-01
8.281250000000000000e-01 2.677849964805210092e-01
8.359375000000000000e-01 2.727753579851894816e-01
8.437500000000000000e-01 2.798300641687467838e-01
8.515625000000000000e-01 2.859235948023957086e-01
8.593750000000000000e-01 2.892342174413995437e-01
8.671875000000000000e-01 2.921394382331883310e-01
8.750000000000000000e-01 2.947769137194815592e-01
8.828125000000000000e-01 2.973037419500617062e-01
8.906250000000000000e-01 2.998891683515152451e-01
8.984375000000000000e-01 3.027067222523934786e-01
9.062500000000000000e-01 3.059261385384997034e-01
9.140625000000000000e-01 3.097054296851775579e-01
9.218750000000000000e-01 3.141834666713045898e-01
9.296875000000000000e-01 3.194734033454290634e-01
9.375000000000000000e-01 3.256572388772256410e-01
9.453125000000000000e-01 3.327817589804371590e-01
9.531250000000000000e-01 3.408560313314066281e-01
9.609375000000000000e-01 3.497952362889453770e-01
9.687500000000000000e-01 3.495503377093778230e-01
9.765625000000000000e-01 3.500495322698302658e-01
9.843750000000000000e-01 3.512068681561189010e-01
9.921875000000000000e-01 3.529147371634564490e-01
1.000000000000000000e+00 3.550497837762411901e-01
1.007812500000000000e+00 3.517240338717422254e-01
1.015625000000000000e+00 3.369880679839972748e-01
1.023437500000000000e+00 3.230631808194038834e-01
1.031250000000000000e+00 3.103750537931102560e-01
1.039062500000000000e+00 2.993046510624763901e-01
1.046875000000000000e+00 2.901737088407130294e-01
1.054687500000000000e+00 2.832329905259257652e-01
1.062500000000000000e+00 2.786537593870164198e-01
1.070312500000000000e+00 2.765227618332355419e-01
1.078125000000000000e+00 2.768408453318148554e-01
1.085937500000000000e+00 2.795251643902447736e-01
1.093750000000000000e+00 2.844147641718688391e-01
1.101562500000000000e+00 2.912791822361526783e-01
1.109375000000000000e+00 2.998295816387630541e-01
1.117187500000000000e+00 3.097318289709274364e-01
1.125000000000000000e+00 3.206208630918849778e-01
1.132812500000000000e+00 3.321156667996372214e-01
1.140625000000000000e+00 3.438341551412729125e-01
1.148437500000000000e+00 3.554073292959033514e-01
1.156250000000000000e+00 3.657879676252153711e-01
1.164062500000000000e+00 3.645182548911688469e-01
1.171875000000000000e+00 3.631666593333739979e-01
1.179687500000000000e+00 3.616831787680216959e-01
1.187500000000000000e+00 3.482197184441335747e-01
1.195312500000000000e+00 3.350452443076650244e-01
1.203125000000000000e+00 3.229018164436927574e-01
1.210937500000000000e+00 3.119614624747654164e-01
1.218750000000000000e+00 3.023666337266689430e-01
1.226562500000000000e+00 2.942267571074613786e-01
1.234375000000000000e+00 2.876158430646198472e-01
1.242187500000000000e+00 2.825712262343895720e-01
1.250000000000000000e+00 2.790934769351701705e-01
1.257812500000000000e+00 2.771474814997920699e-01
1.265625000000000000e+00 2.766646490260873392e-01
1.273437500000000000e+00 2.775461629211870562e-01
1.281250000000000000e+00 2.796671590696307996e-01
1.289062500000000000e+00 2.828816799361507650e-01
1.296875000000000000e+00 2.870282266539575522e-01
1.304687500000000000e+00 2.919357101969575208e-01
1.312500000000000000e+00 2.909378790028600559e-01
1.320312500000000000e+00 2.879822389677889616e-01
1.328125000000000000e+00 2.861468306941676865e-01
1.335937500000000000e+00 2.855818313619830073e-01
1.343750000000000000e+00 2.864083532098649076e-01
1.351562500000000000e+00 2.887131368653577113e-01
1.359375000000000000e+00 2.925446553907324887e-01
1.367187500000000000e+00 2.979108230631605236e-01
1.375000000000000000e+00 3.047784214623320276e-01
1.382812500000000000e+00 3.130742679561181463e-01
1.390625000000000000e+00 3.226880628671408013e-01
1.398437500000000000e+00 3.334767662578448366e-01
1.406250000000000000e+00 3.452702779909828656e-01
1.414062500000000000e+00 3.578781296705183523e-01
1.421875000000000000e+00 3.710968477432167179e-01
1.429687500000000000e+00 3.765774805876773712e-01
1.437500000000000000e+00 3.813328787890734040e-01
1.445312500000000000e+00 3.864527817332088500e-01
1.453125000000000000e+00 3.920310625308580654e-01
1.460937500000000000e+00 3.981463525244905988e-01
1.468750000000000000e+00 4.048575303753580990e-01
1.476562500000000000e+00 4.121999420808480918e-01
1.484375000000000000e+00 4.196048917932588829e-01
1.492187500000000000e+00 4.151755266527358268e-01
1.500000000000000000e+00 4.120854385792995789e-01
1.507812500000000000e+00 4.103120664062818168e-01
1.515625000000000000e+00 4.097818175150780284e-01
1.523437500000000000e+00 4.103739432272611731e-01
1.531250000000000000e+00 4.119260518105929414e-01
1.539062500000000000e+00 4.142410109570141552e-01
1.546875000000000000e+00 4.170949472249418921e-01
1.554687500000000000e+00 4.202460186137254583e-01
1.562500000000000000e+00 4.234436189327169808e-01
1.570312500000000000e+00 4.264376690919735591e-01
1.578125000000000000e+00 4.289876604174880370e-01
1.585937500000000000e+00 4.308711375585805303e-01
1.593750000000000000e+00 4.262362498698120117e-01
1.601562500000000000e+00 4.207685073899785078e-01
1.609375000000000000e+00 4.151763670017916130e-01
1.617187500000000000e+00 4.097865683716074292e-01
1.625000000000000000e+00 4.049419577798931691e-01
1.632812500000000000e+00 4.009812970180486325e-01
1.640625000000000000e+00 3.982189533616402599e-01
1.648437500000000000e+00 3.969256042941429197e-01
1.656250000000000000e+00 3.973110409972070434e-01
1.664062500000000000e+00 3.886079029677258490e-01
1.671875000000000000e+00 3.787622075549685885e-01
1.679687500000000000e+00 3.684810087558201275e-01
1.687500000000000000e+00 3.579993861753307804e-01
1.695312500000000000e+00 3.475630032340055742e-01
1.703125000000000000e+00 3.374212562826226502e-01
1.710937500000000000e+00 3.278205230086749244e-01
1.718750000000000000e+00 3.189976882145671988e-01
1.726562500000000000e+00 3.111741044794265054e-01
1.734375000000000000e+00 3.045501222099191718e-01
1.742187500000000000e+00 2.993002993777670317e-01
1.750000000000000000e+00 2.955693769375100644e-01
1.757812500000000000e+00 2.934690824370134177e-01
1.765625000000000000e+00 2.930758023725370531e-01
1.773437500000000000e+00 2.944291438559767382e-01
1.781250000000000000e+00 2.975313883681904858e-01
1.789062500000000000e+00 3.023478247579214351e-01
1.796875000000000000e+00 3.088079350066758044e-01
1.804687500000000000e+00 3.168073942644542562e-01
1.812500000000000000e+00 3.262108358249989903e-01
1.820312500000000000e+00 3.368553215746334928e-01
1.828125000000000000e+00 3.485544485657112723e-01
1.835937500000000000e+00 3.611030123682722470e-01
1.843750000000000000e+00 3.742821375092515446e-01
1.851562500000000000e+00 3.878647745559680171e-01
1.859375000000000000e+00 4.016214523724261909e-01
1.867187500000000000e+00 4.152639851739655663e-01
1.875000000000000000e+00 4.259617708337516406e-01
1.882812500000000000e+00 4.208440292970356822e-01
1.890625000000000000e+00 4.178056135284649031e-01
1.898437500000000000e+00 4.125532393720441338e-01
1.906250000000000000e+00 4.006805353319607965e-01
1.914062500000000000e+00 3.897263014308289808e-01
1.921875000000000000e+00 3.797884639208239932e-01
1.929687500000000000e+00 3.709353890723213754e-01
1.937500000000000000e+00 3.632054986133069763e-01
1.945312500000000000e+00 3.566077967421075190e-01
1.953125000000000000e+00 3.511232860001886058e-01
1.960937500000000000e+00 3.443500425475631843e-01
1.968750000000000000e+00 3.376135852892148126e-01
1.976562500000000000e+00 3.313763054008620479e-01
1.984375000000000000e+00 3.256428836310026886e-01
1.992187500000000000e+00 3.204327589754489836e-01
2.000000000000000000e+00 3.157809961556355960e-01
