0.000000000000000000e+00 -2.220446049250313081e-16
7.812500000000000000e-03 1.458425273156316315e-03
1.562500000000000000e-02 5.757576370954531342e-03
2.343750000000000000e-02 1.267569665657808375e-02
3.125000000000000000e-02 2.186457922206075377e-02
3.906250000000000000e-02 3.287937328300072348e-02
4.687500000000000000e-02 4.521601948013298511e-02
5.468750000000000000e-02 5.835258792290287655e-02
6.250000000000000000e-02 7.179046559994972654e-02
7.031250000000000000e-02 8.509144678884938973e-02
7.812500000000000000e-02 9.790730338794284560e-02
8.593750000000000000e-02 1.099992872316954973e-01
9.375000000000000000e-02 1.212461404388607278e-01
1.015625000000000000e-01 1.316404334629721617e-01
1.093750000000000000e-01 1.412742735837140273e-01
1.171875000000000000e-01 1.503164942629607870e-01
1.250000000000000000e-01 1.589842340472028548e-01
1.328125000000000000e-01 1.675122620138482787e-01
1.406250000000000000e-01 1.761234667169174761e-01
1.484375000000000000e-01 1.850036043231603200e-01
1.562500000000000000e-01 1.942827498416025422e-01
1.640625000000000000e-01 2.040250002157936171e-01
1.718750000000000000e-01 2.142269519909693054e-01
1.796875000000000000e-01 2.248244430057312337e-01
1.875000000000000000e-01 2.357061271716615058e-01
1.953125000000000000e-01 2.467317462474305501e-01
2.031250000000000000e-01 2.577525456321753117e-01
2.109375000000000000e-01 2.686311886093363244e-01
2.187500000000000000e-01 2.792587511092090580e-01
2.265625000000000000e-01 2.895668846922573314e-01
2.343750000000000000e-01 2.995339451353764559e-01
2.421875000000000000e-01 3.091847021713846067e-01
2.500000000000000000e-01 3.185840678359793676e-01
2.578125000000000000e-01 3.278260056983922643e-01
2.656250000000000000e-01 3.370193263122697180e-01
2.734375000000000000e-01 3.462723767816019427e-01
2.812500000000000000e-01 3.556786678512323663e-01
2.890625000000000000e-01 3.653052581117544051e-01
2.968750000000000000e-01 3.751852714369893205e-01
3.046875000000000000e-01 3.853153261225997772e-01
3.125000000000000000e-01 3.956579844458422146e-01
3.203125000000000000e-01 3.952645514097373747e-01
3.281250000000000000e-01 3.873040227440767147e-01
3.359375000000000000e-01 3.799581464688873700e-01
3.437500000000000000e-01 3.735467606728164469e-01
3.515625000000000000e-01 3.683737733388764424e-01
3.593750000000000000e-01 3.647138557798058622e-01
3.671875000000000000e-01 3.627979867728909902e-01
3.750000000000000000e-01 3.627989522969933267e-01
3.828125000000000000e-01 3.648182043647804074e-01
3.906250000000000000e-01 3.688756138159697828e-01
3.984375000000000000e-01 3.749035806966581896e-01
4.062500000000000000e-01 3.827466841397620945e-01
4.140625000000000000e-01 3.894917465353830988e-01
4.218750000000000000e-01 3.806039274428328900e-01
4.296875000000000000e-01 3.726578421363075933e-01
4.375000000000000000e-01 3.671826484923994549e-01
4.453125000000000000e-01 3.643345522045408069e-01
4.531250000000000000e-01 3.619960097111417641e-01
4.609375000000000000e-01 3.592624372616107786e-01
4.687500000000000000e-01 3.585041004820649357e-01
4.765625000000000000e-01 3.596486402546698047e-01
4.843750000000000000e-01 3.596131105322286636e-01
4.921875000000000000e-01 3.507904368849623644e-01
5.000000000000000000e-01 3.434009455327190485e-01
5.078125000000000000e-01 3.377574350072488629e-01
5.156250000000000000e-01 3.340901105865681231e-01
5.234375000000000000e-01 3.325106254396921202e-01
5.312500000000000000e-01 3.269347690744147661e-01
5.390625000000000000e-01 3.207904190090209440e-01
5.468750000000000000e-01 3.152415173086415834e-01
5.546875000000000000e-01 3.102478248616821199e-01
5.625000000000000000e-01 3.057676450198858475e-01
5.703125000000000000e-01 3.017614662116271385e-01
5.781250000000000000e-01 2.981944882754389292e-01
5.859375000000000000e-01 2.934226877802116329e-01
5.937500000000000000e-01 2.894266478019984490e-01
6.015625000000000000e-01 2.863120585547465069e-01
6.093750000000000000e-01 2.841083505006535281e-01
6.171875000000000000e-01 2.827858093343040835e-01
6.250000000000000000e-01 2.822582032638987215e-01
6.328125000000000000e-01 2.823944610304981451e-01
6.406250000000000000e-01 2.830377540909182477e-01
6.484375000000000000e-01 2.831354727522762404e-01
6.562500000000000000e-01 2.833398475461924582e-01
6.640625000000000000e-01 2.839567646216520913e-01
6.718750000000000000e-01 2.849990861958238142e-01
6.796875000000000000e-01 2.864748628186690738e-01
6.875000000000000000e-01 2.857678702358456002e-01
6.953125000000000000e-01 2.866587120459724858e-01
7.031250000000000000e-01 2.898542777639637746e-01
7.109375000000000000e-01 2.950095723033987483e-01
7.187500000000000000e-01 2.998488302163740959e-01
7.265625000000000000e-01 3.033933519993907701e-01
7.343750000000000000e-01 3.070378543807548155e-01
7.421875000000000000e-01 3.081780797120354798e-01
7.500000000000000000e-01 3.090531658718287389e-01
7.578125000000000000e-01 3.105680808301040097e-01
7.656250000000000000e-01 3.129387473384057650e-01
7.734375000000000000e-01 3.163332810748920032e-01
7.812500000000000000e-01 3.208456988480428151e-01
7.890625000000000000e-01 3.264757456539862934e-01
7.968750000000000000e-01 3.296772985818207102e-01
8.046875000000000000e-01 3.314625117133288557e-01
8.125000000000000000e-01 3.332980953693883697e-01
8.203125000000000000e-01 3.353508401814250250e-01
8.281250000000000000e-01 3.377904152309185726e-01
8.359375000000000000e-01 3.407723548100533018e-01
8.437500000000000000e-01 3.444212610321720769e-01
8.515625000000000000e-01 3.488160977269638696e-01
8.593750000000000000e-01 3.539793362575434088e-01
8.671875000000000000e-01 3.598713800042618871e-01
8.750000000000000000e-01 3.663911697655032329e-01
8.828125000000000000e-01 3.733832113283088727e-01
8.906250000000000000e-01 3.806505429823783260e-01
8.984375000000000000e-01 3.838955049347977377e-01
9.062500000000000000e-01 3.714689701498933294e-01
9.140625000000000000e-01 3.598199766721967841e-01
9.218750000000000000e-01 3.507410446378260716e-01
9.296875000000000000e-01 3.446385095741538729e-01
9.375000000000000000e-01 3.417005110647940436e-01
9.453125000000000000e-01 3.418856297165836500e-01
9.531250000000000000e-01 3.449341899142621681e-01
9.609375000000000000e-01 3.487867302358639288e-01
9.687500000000000000e-01 3.482054907685950829e-01
9.765625000000000000e-01 3.486632610801073673e-01
9.843750000000000000e-01 3.501798546417173030e-01
9.921875000000000000e-01 3.527377931172342995e-01
1.000000000000000000e+00 3.562749969181319143e-01
1.007812500000000000e+00 3.606818794925487071e-01
1.015625000000000000e+00 3.658038884318157713e-01
1.023437500000000000e+00 3.714498497459982618e-01
1.031250000000000000e+00 3.774056894562211051e-01
1.039062500000000000e+00 3.831680155042951341e-01
1.046875000000000000e+00 3.811871594264183427e-01
1.054687500000000000e+00 3.792940365007168024e-01
1.062500000000000000e+00 3.777887724530759606e-01
1.070312500000000000e+00 3.769969375653426935e-01
1.078125000000000000e+00 3.767904509460898721e-01
1.085937500000000000e+00 3.775489599932274620e-01
1.093750000000000000e+00 3.802650528805157082e-01
1.101562500000000000e+00 3.849926202500811856e-01
1.109375000000000000e+00 3.916869680156849221e-01
1.117187500000000000e+00 4.001977623022748842e-01
1.125000000000000000e+00 4.093145667622324346e-01
1.132812500000000000e+00 4.092901886139449497e-01
1.140625000000000000e+00 4.116354926656486946e-01
1.148437500000000000e+00 4.152277028310685791e-01
1.156250000000000000e+00 4.056497896127934100e-01
1.164062500000000000e+00 3.938936594760771293e-01
1.171875000000000000e+00 3.806198830364434516e-01
1.179687500000000000e+00 3.686708183953952833e-01
1.187500000000000000e+00 3.584240828693082692e-01
1.195312500000000000e+00 3.501835064889670113e-01
1.203125000000000000e+00 3.441634016948807995e-01
1.210937500000000000e+00 3.404775101311411367e-01
1.218750000000000000e+00 3.391333484209209104e-01
1.226562500000000000e+00 3.400323680449875985e-01
1.234375000000000000e+00 3.429760045038440230e-01
1.242187500000000000e+00 3.476773382955773428e-01
1.250000000000000000e+00 3.537777467193535808e-01
1.257812500000000000e+00 3.608676129336787497e-01
1.265625000000000000e+00 3.685098974409850570e-01
1.273437500000000000e+00 3.762651848347383643e-01
1.281250000000000000e+00 3.759631826845239999e-01
1.289062500000000000e+00 3.744839353578176544e-01
1.296875000000000000e+00 3.762466981301249014e-01
1.304687500000000000e+00 3.810200643237866558e-01
1.312500000000000000e+00 3.882762581262103607e-01
1.320312500000000000e+00 3.972500136059003983e-01
1.328125000000000000e+00 4.067147113831045546e-01
1.335937500000000000e+00 4.062209294307228546e-01
1.343750000000000000e+00 4.000134127402595885e-01
1.351562500000000000e+00 3.920118682771821517e-01
1.359375000000000000e+00 3.853727617765138058e-01
1.367187500000000000e+00 3.805033693847150733e-01
1.375000000000000000e+00 3.776184211199204999e-01
1.382812500000000000e+00 3.767361012632899353e-01
1.390625000000000000e+00 3.776947699802410963e-01
1.398437500000000000e+00 3.801869163789860506e-01
1.406250000000000000e+00 3.838051085576444921e-01
1.414062500000000000e+00 3.880936962214760477e-01
1.421875000000000000e+00 3.876566506629064435e-01
1.429687500000000000e+00 3.828903097633374886e-01
1.437500000000000000e+00 3.789643063747708540e-01
1.445312500000000000e+00 3.760432970271554431e-01
1.453125000000000000e+00 3.741909079455073561e-01
1.460937500000000000e+00 3.733670393360566386e-01
1.468750000000000000e+00 3.734361801288733629e-01
1.476562500000000000e+00 3.741855966910104803e-01
1.484375000000000000e+00 3.696790906305101876e-01
1.492187500000000000e+00 3.641634308085364147e-01
1.500000000000000000e+00 3.582682487645589831e-01
1.507812500000000000e+00 3.518196863441311883e-01
1.515625000000000000e+00 3.447449271091792555e-01
1.523437500000000000e+00 3.370887337366230696e-01
1.531250000000000000e+00 3.290169203853955393e-01
1.539062500000000000e+00 3.208060246442382413e-01
1.546875000000000000e+00 3.128198964909177926e-01
1.554687500000000000e+00 3.054753191526486944e-01
1.562500000000000000e+00 2.991999745088088636e-01
1.570312500000000000e+00 2.943869390215857473e-01
1.578125000000000000e+00 2.913503527850965780e-01
1.585937500000000000e+00 2.902868936118930820e-01
1.593750000000000000e+00 2.912472065868557669e-01
1.601562500000000000e+00 2.941205311273916712e-01
1.609375000000000000e+00 2.986345193543109566e-01
1.617187500000000000e+00 3.043707730663302025e-01
1.625000000000000000e+00 3.107950858168688768e-01
1.632812500000000000e+00 3.172999136289572641e-01
1.640625000000000000e+00 3.178397334280456121e-01
1.648437500000000000e+00 3.128678459103427789e-01
1.656250000000000000e+00 3.081485429738121118e-01
1.664062500000000000e+00 3.037693432674902771e-01
1.671875000000000000e+00 2.998204136595870040e-01
1.679687500000000000e+00 2.963875991827160661e-01
1.687500000000000000e+00 2.935455221532400349e-01
1.695312500000000000e+00 2.913515797921585326e-01
1.703125000000000000e+00 2.898415376901978258e-01
1.710937500000000000e+00 2.890271938757947856e-01
1.718750000000000000e+00 2.888963097054563223e-01
1.726562500000000000e+00 2.817364227663418097e-01
1.734375000000000000e+00 2.756231543994157596e-01
1.742187500000000000e+00 2.716688775707356562e-01
1.750000000000000000e+00 2.702883405560996266e-01
1.757812500000000000e+00 2.717144812672228626e-01
1.765625000000000000e+00 2.759829712675259117e-01
1.773437500000000000e+00 2.829338447884813812e-01
1.781250000000000000e+00 2.922297843326511213e-01
1.789062500000000000e+00 3.033891110998824248e-01
1.796875000000000000e+00 3.128393095728302375e-01
1.804687500000000000e+00 3.164560169187851102e-01
1.812500000000000000e+00 3.201424648417642294e-01
1.820312500000000000e+00 3.238829723550015194e-01
1.828125000000000000e+00 3.276652973746921882e-01
1.835937500000000000e+00 3.314798699873602317e-01
1.843750000000000000e+00 3.353196435909658879e-01
1.851562500000000000e+00 3.391804290299997859e-01
1.859375000000000000e+00 3.430614355656810277e-01
1.867187500000000000e+00 3.469656621991669132e-01
1.875000000000000000e+00 3.508997810280799490e-01
1.882812500000000000e+00 3.548732351230970972e-01
1.890625000000000000e+00 3.588964265073301130e-01
1.898437500000000000e+00 3.629780714709219813e-01
1.906250000000000000e+00 3.671220168360819214e-01
1.914062500000000000e+00 3.713240030240990697e-01
1.921875000000000000e+00 3.755689899778058560e-01
1.929687500000000000e+00 3.798296994582921471e-01
1.937500000000000000e+00 3.840669538557912599e-01
1.945312500000000000e+00 3.809585366645756865e-01
1.953125000000000000e+00 3.705081862555205108e-01
1.960937500000000000e+00 3.611159805422344826e-01
1.968750000000000000e+00 3.532818720632414644e-01
1.976562500000000000e+00 3.473739631132418682e-01
1.984375000000000000e+00 3.436143408798330023e-01
1.992187500000000000e+00 3.420801579982040153e-01
2.000000000000000000e+00 3.427183039189317659e-01
