0.000000000000000000e+00 3.295836866004329568e+00
1.000000000000000056e-01 3.289214839823882741e+00
2.000000000000000111e-01 3.269893565474251140e+00
3.000000000000000444e-01 3.239570713083240072e+00
4.000000000000000222e-01 3.201252584235283472e+00
5.000000000000000000e-01 3.159390988667260203e+00
6.000000000000000888e-01 3.119799277872584042e+00
7.000000000000000666e-01 3.089089389926163776e+00
8.000000000000000444e-01 3.073471687504857996e+00
9.000000000000000222e-01 3.077124797376960430e+00
1.000000000000000000e+00 3.100823962393921551e+00
1.100000000000000089e+00 3.141620274596934159e+00
1.200000000000000178e+00 3.193786697063286439e+00
1.300000000000000044e+00 3.250461941632030172e+00
1.400000000000000133e+00 3.305172845066883802e+00
1.500000000000000000e+00 3.352770803714165471e+00
1.600000000000000089e+00 3.389780393470640085e+00
1.700000000000000178e+00 3.414380708997765357e+00
1.800000000000000044e+00 3.426234573632860325e+00
1.900000000000000133e+00 3.426286690452474915e+00
2.000000000000000000e+00 3.416559153753611078e+00
2.100000000000000089e+00 3.399909515024064799e+00
2.200000000000000178e+00 3.379689033003635323e+00
2.300000000000000266e+00 3.359256323073513073e+00
2.400000000000000355e+00 3.341372547543119076e+00
2.500000000000000000e+00 3.327608384771914007e+00
2.600000000000000089e+00 3.317963641156219445e+00
2.700000000000000178e+00 3.310861805118913370e+00
2.800000000000000266e+00 3.303532583165441849e+00
2.900000000000000355e+00 3.292635307285546986e+00
3.000000000000000000e+00 3.274915722774424331e+00
3.100000000000000089e+00 3.247745492756224372e+00
3.200000000000000178e+00 3.209498921598041843e+00
3.300000000000000266e+00 3.159801853184773357e+00
3.400000000000000355e+00 3.099714695679174348e+00
3.500000000000000000e+00 3.031888829835437171e+00
3.600000000000000089e+00 2.960671496543727521e+00
3.700000000000000178e+00 2.892035114314023492e+00
3.800000000000000266e+00 2.833105309003349781e+00
3.900000000000000355e+00 2.791061995357731806e+00
4.000000000000000000e+00 2.771446236869927304e+00
4.100000000000000533e+00 2.776420589234692038e+00
4.200000000000000178e+00 2.803885277851086766e+00
4.299999999999999822e+00 2.848006665311707764e+00
4.400000000000000355e+00 2.900828393701173624e+00
4.500000000000000000e+00 2.954068717362390295e+00
4.600000000000000533e+00 3.000399361406116405e+00
4.700000000000000178e+00 3.034039480869821670e+00
4.800000000000000711e+00 3.050859765982305127e+00
4.900000000000000355e+00 3.048266713362854041e+00
5.000000000000000000e+00 3.025068173913339376e+00
5.100000000000000533e+00 2.981437043748795812e+00
5.200000000000000178e+00 2.919032764781378742e+00
5.300000000000000711e+00 2.841296533081373532e+00
5.400000000000000355e+00 2.753864896245893146e+00
5.500000000000000000e+00 2.664895363436186493e+00
5.600000000000000533e+00 2.584852129130121412e+00
5.700000000000000178e+00 2.525124238493932083e+00
5.800000000000000711e+00 2.495205165212413867e+00
5.900000000000000355e+00 2.499375247902460018e+00
6.000000000000000000e+00 2.534972156279063249e+00
6.100000000000000533e+00 2.593609145277479655e+00
6.200000000000000178e+00 2.664401092906900637e+00
6.300000000000000711e+00 2.737065097132950875e+00
6.400000000000000355e+00 2.803647040888818776e+00
6.500000000000000000e+00 2.858954803639074171e+00
6.600000000000000533e+00 2.900307738069996422e+00
6.700000000000000178e+00 2.927094579484632142e+00
6.800000000000000711e+00 2.940368261923397064e+00
6.900000000000000355e+00 2.942521601611802318e+00
7.000000000000000000e+00 2.936996546438225941e+00
7.100000000000000533e+00 2.927946895823958506e+00
7.200000000000000178e+00 2.919782865695347063e+00
7.300000000000000711e+00 2.916578212217321386e+00
7.400000000000000355e+00 2.921413982100687257e+00
7.500000000000000000e+00 2.935828833543649097e+00
7.600000000000000533e+00 2.959571924285634203e+00
7.700000000000000178e+00 2.990763971388366027e+00
7.800000000000000711e+00 3.026409973561167810e+00
7.900000000000000355e+00 3.063084368868450813e+00
8.000000000000000000e+00 3.097598043231832854e+00
8.099999999999999645e+00 3.127531570450077236e+00
8.200000000000001066e+00 3.151605109608266897e+00
8.300000000000000711e+00 3.169898943551169523e+00
8.400000000000000355e+00 3.183930287702460671e+00
8.500000000000000000e+00 3.196551004884168989e+00
8.599999999999999645e+00 3.211592083209952264e+00
8.700000000000001066e+00 3.233192743779944145e+00
8.800000000000000711e+00 3.264859882947259262e+00
8.900000000000000355e+00 3.308490690991422234e+00
9.000000000000000000e+00 3.363727194620342864e+00
9.099999999999999645e+00 3.427929207667268940e+00
9.200000000000001066e+00 3.496753255281559447e+00
9.300000000000000711e+00 3.565037969606593471e+00
9.400000000000000355e+00 3.627637044516358600e+00
9.500000000000000000e+00 3.679990775192960584e+00
9.600000000000001421e+00 3.718416654683722733e+00
9.700000000000001066e+00 3.740208597272911994e+00
9.800000000000000711e+00 3.743654906514193748e+00
9.900000000000000355e+00 3.728060353161804397e+00
1.000000000000000000e+01 3.693823343079236210e+00
1.010000000000000142e+01 3.642586710975593611e+00
1.020000000000000107e+01 3.577443640559245353e+00
1.030000000000000071e+01 3.503123943103191973e+00
1.040000000000000036e+01 3.426002368784904384e+00
1.050000000000000000e+01 3.353688352887272739e+00
1.060000000000000142e+01 3.293978164755206883e+00
1.070000000000000107e+01 3.253220564923019253e+00
1.080000000000000071e+01 3.234643968497686206e+00
1.090000000000000036e+01 3.237506478940859189e+00
1.100000000000000000e+01 3.257573601962460152e+00
1.110000000000000142e+01 3.288593961245484643e+00
1.120000000000000107e+01 3.323936060763207134e+00
1.130000000000000071e+01 3.357746256555063979e+00
1.140000000000000036e+01 3.385489970177473218e+00
1.150000000000000000e+01 3.404064647639502006e+00
1.160000000000000142e+01 3.411728299332453140e+00
1.170000000000000107e+01 3.408004665427971425e+00
1.180000000000000071e+01 3.393624193610244255e+00
1.190000000000000036e+01 3.370481580664527854e+00
1.200000000000000000e+01 3.341537071445344065e+00
1.210000000000000142e+01 3.310560366518258579e+00
1.220000000000000107e+01 3.281631335639354941e+00
1.230000000000000071e+01 3.258399246947082162e+00
1.240000000000000036e+01 3.243257373071602334e+00
1.250000000000000000e+01 3.236726203775441846e+00
1.260000000000000142e+01 3.237320777040198827e+00
1.270000000000000107e+01 3.241966864590959396e+00
1.280000000000000071e+01 3.246773336897303519e+00
1.290000000000000036e+01 3.247859723109232544e+00
1.300000000000000000e+01 3.242020398370552225e+00
1.310000000000000142e+01 3.227164047401597458e+00
1.320000000000000107e+01 3.202576470758224048e+00
1.330000000000000071e+01 3.169075991367252598e+00
1.340000000000000036e+01 3.129082451068402548e+00
1.350000000000000000e+01 3.086536129989218225e+00
1.360000000000000142e+01 3.046523084502509526e+00
1.370000000000000107e+01 3.014459491523910017e+00
1.380000000000000071e+01 2.994849671086224241e+00
1.390000000000000036e+01 2.989958090777125044e+00
1.400000000000000000e+01 2.998991724453317076e+00
1.410000000000000142e+01 3.018242715001184795e+00
1.420000000000000107e+01 3.042103418501078238e+00
1.430000000000000071e+01 3.064405166599655672e+00
1.440000000000000036e+01 3.079522832459366199e+00
1.450000000000000000e+01 3.083003621488846768e+00
1.460000000000000142e+01 3.071779603858078467e+00
1.470000000000000107e+01 3.044148564096569309e+00
1.480000000000000071e+01 2.999699376300398956e+00
1.490000000000000036e+01 2.939304495477841783e+00
1.500000000000000000e+01 2.865247781652641379e+00
1.510000000000000142e+01 2.781496701854915266e+00
1.520000000000000107e+01 2.694030600776040174e+00
1.530000000000000071e+01 2.610966640194870791e+00
1.540000000000000036e+01 2.542017990587104315e+00
1.550000000000000000e+01 2.496805936269125503e+00
1.560000000000000142e+01 2.482122449959161870e+00
1.570000000000000107e+01 2.499357993857175941e+00
1.580000000000000071e+01 2.543823804958757151e+00
1.590000000000000036e+01 2.606515027260796202e+00
1.600000000000000000e+01 2.677049814476385237e+00
1.610000000000000142e+01 2.746093550361841995e+00
1.619999999999999929e+01 2.806548584617287290e+00
1.630000000000000071e+01 2.853747737832874165e+00
1.640000000000000213e+01 2.885170365445864249e+00
1.650000000000000000e+01 2.900060127371586916e+00
1.660000000000000142e+01 2.899119030170211886e+00
1.669999999999999929e+01 2.884314536847675470e+00
1.680000000000000071e+01 2.858759818717449885e+00
1.690000000000000213e+01 2.826579403663644463e+00
1.700000000000000000e+01 2.792641792909036802e+00
1.710000000000000142e+01 2.762047702367101287e+00
1.719999999999999929e+01 2.739348767375602733e+00
1.730000000000000071e+01 2.727648061003599356e+00
1.740000000000000213e+01 2.727911411244050122e+00
1.750000000000000000e+01 2.738826062395881777e+00
1.760000000000000142e+01 2.757305344531463476e+00
1.769999999999999929e+01 2.779418408773243421e+00
1.780000000000000071e+01 2.801375807313427835e+00
1.790000000000000213e+01 2.820292027308786587e+00
1.800000000000000000e+01 2.834633179046788687e+00
1.810000000000000142e+01 2.844387796221443665e+00
1.819999999999999929e+01 2.851027000258627098e+00
1.830000000000000071e+01 2.857284380158334525e+00
1.840000000000000213e+01 2.866741739917492815e+00
1.850000000000000000e+01 2.883201899101280219e+00
1.860000000000000142e+01 2.909893015255973658e+00
1.869999999999999929e+01 2.948666015022467946e+00
1.880000000000000071e+01 2.999437313721251996e+00
1.890000000000000213e+01 3.060089434588625590e+00
1.900000000000000000e+01 3.126857609657645032e+00
1.910000000000000142e+01 3.195023964937516503e+00
1.920000000000000284e+01 3.259659062201461843e+00
1.930000000000000071e+01 3.316219305813601359e+00
1.940000000000000213e+01 3.360939376164929548e+00
1.950000000000000000e+01 3.391059924659988845e+00
1.960000000000000142e+01 3.404972884080244011e+00
1.970000000000000284e+01 3.402365513877151137e+00
1.980000000000000071e+01 3.384420353772973566e+00
1.990000000000000213e+01 3.354085263190454747e+00
2.000000000000000000e+01 3.316349803215897118e+00
2.010000000000000142e+01 3.278331373470845023e+00
2.020000000000000284e+01 3.248813268510669872e+00
2.030000000000000071e+01 3.236849090809448271e+00
2.040000000000000213e+01 3.249443959597342335e+00
2.050000000000000000e+01 3.289174440982369774e+00
2.060000000000000142e+01 3.353160842101950756e+00
2.070000000000000284e+01 3.434111958344994608e+00
2.080000000000000071e+01 3.522696330749166549e+00
2.090000000000000213e+01 3.609827799246978053e+00
2.100000000000000000e+01 3.688022463562702580e+00
2.110000000000000142e+01 3.751830890908109062e+00
2.120000000000000284e+01 3.797734835652907037e+00
2.130000000000000071e+01 3.823865858459017275e+00
2.140000000000000213e+01 3.829744298891680110e+00
2.150000000000000000e+01 3.816109791040784405e+00
2.160000000000000142e+01 3.784843198643817352e+00
2.170000000000000284e+01 3.738941560519568164e+00
2.180000000000000071e+01 3.682479763185038557e+00
2.190000000000000213e+01 3.620467478218351687e+00
2.200000000000000000e+01 3.558499871581428220e+00
2.210000000000000142e+01 3.502137740439839497e+00
2.220000000000000284e+01 3.456066763930807362e+00
2.230000000000000071e+01 3.423251840539012214e+00
2.240000000000000213e+01 3.404407574705783368e+00
2.250000000000000000e+01 3.398022571190811192e+00
2.260000000000000142e+01 3.400920799482229917e+00
2.270000000000000284e+01 3.409107263274681721e+00
2.280000000000000071e+01 3.418594858127750769e+00
2.290000000000000213e+01 3.426026449193233514e+00
2.300000000000000000e+01 3.429055412042529838e+00
2.310000000000000142e+01 3.426531225350238241e+00
2.320000000000000284e+01 3.418543722187859402e+00
2.330000000000000071e+01 3.406344930093299972e+00
2.340000000000000213e+01 3.392128398681627743e+00
2.350000000000000000e+01 3.378631991546005242e+00
2.360000000000000142e+01 3.368563506396359486e+00
2.370000000000000284e+01 3.363931800953533724e+00
2.380000000000000071e+01 3.365459522013291238e+00
2.390000000000000213e+01 3.372279505850433790e+00
2.400000000000000000e+01 3.382024001010971226e+00
2.410000000000000142e+01 3.391249420165135753e+00
2.420000000000000284e+01 3.396015668221814998e+00
2.430000000000000071e+01 3.392433325227182550e+00
2.440000000000000213e+01 3.377077506914705651e+00
2.450000000000000000e+01 3.347267106805543957e+00
2.460000000000000142e+01 3.301270712942860452e+00
2.470000000000000284e+01 3.238519061979440394e+00
2.480000000000000071e+01 3.159891202539325761e+00
2.490000000000000213e+01 3.068101306153583785e+00
2.500000000000000000e+01 2.968126753704659837e+00
2.510000000000000142e+01 2.867454796111486459e+00
2.520000000000000284e+01 2.775702134249353303e+00
2.530000000000000071e+01 2.703077536514959078e+00
2.540000000000000213e+01 2.657627535641908345e+00
2.550000000000000000e+01 2.642342266038976817e+00
2.560000000000000142e+01 2.653971269185473325e+00
2.570000000000000284e+01 2.684437625428644836e+00
2.580000000000000071e+01 2.723763540293754559e+00
2.590000000000000213e+01 2.762674711158831009e+00
2.600000000000000000e+01 2.793951673871256425e+00
2.610000000000000142e+01 2.812688193343800602e+00
2.620000000000000284e+01 2.816008097935056576e+00
2.630000000000000071e+01 2.802678277895394032e+00
2.640000000000000213e+01 2.772838875417989790e+00
2.650000000000000000e+01 2.727920398278088410e+00
2.660000000000000142e+01 2.670730662870155925e+00
2.670000000000000284e+01 2.605625338890660281e+00
2.680000000000000071e+01 2.538588016511483580e+00
2.690000000000000213e+01 2.476946185439191428e+00
2.700000000000000000e+01 2.428432307598946238e+00
2.710000000000000142e+01 2.399539573158874894e+00
2.720000000000000284e+01 2.393672206567923233e+00
2.730000000000000071e+01 2.410056189398043447e+00
2.740000000000000213e+01 2.444118760425105563e+00
2.750000000000000000e+01 2.489103829172471194e+00
2.760000000000000142e+01 2.537987570683448268e+00
2.770000000000000284e+01 2.584892309829770696e+00
2.780000000000000071e+01 2.625775616994918238e+00
2.790000000000000213e+01 2.658581448019774029e+00
2.800000000000000000e+01 2.683118069729857336e+00
2.810000000000000142e+01 2.700823659038304569e+00
2.820000000000000284e+01 2.714449019888017567e+00
2.830000000000000071e+01 2.727600715205828585e+00
2.840000000000000213e+01 2.744080407533666666e+00
2.850000000000000000e+01 2.767046028477191832e+00
2.860000000000000142e+01 2.798179266101802565e+00
2.870000000000000284e+01 2.837159223389257967e+00
2.880000000000000071e+01 2.881678657696935986e+00
2.890000000000000213e+01 2.927996095792954279e+00
2.900000000000000000e+01 2.971774772348061866e+00
2.910000000000000142e+01 3.008897497765526285e+00
2.920000000000000284e+01 3.036063871596737407e+00
2.930000000000000071e+01 3.051139733760854789e+00
2.940000000000000213e+01 3.053331855488284674e+00
2.950000000000000000e+01 3.043284379806107331e+00
2.960000000000000142e+01 3.023163766879422454e+00
2.970000000000000284e+01 2.996738217413626781e+00
2.980000000000000071e+01 2.969371367340975176e+00
2.990000000000000213e+01 2.947749517613270420e+00
3.000000000000000000e+01 2.939107173053731703e+00
3.010000000000000142e+01 2.949838972093403733e+00
3.020000000000000284e+01 2.983781540602882032e+00
3.030000000000000071e+01 3.040912865943051546e+00
3.040000000000000213e+01 3.117226808458545495e+00
3.050000000000000000e+01 3.205875005358664875e+00
3.060000000000000142e+01 3.298906235456892322e+00
3.070000000000000284e+01 3.388782052732385974e+00
3.080000000000000071e+01 3.469262161834141711e+00
3.090000000000000213e+01 3.535705749983729884e+00
3.100000000000000000e+01 3.585027493780839070e+00
3.110000000000000142e+01 3.615529780492166001e+00
3.120000000000000284e+01 3.626748145651160549e+00
3.130000000000000071e+01 3.619374100098587732e+00
3.140000000000000213e+01 3.595272041688487796e+00
3.150000000000000000e+01 3.557569882704613384e+00
3.160000000000000142e+01 3.510756267025757271e+00
3.170000000000000284e+01 3.460649906982344426e+00
3.180000000000000071e+01 3.414038872246567990e+00
3.190000000000000213e+01 3.377798699398903537e+00
3.200000000000000000e+01 3.357505175481951820e+00
3.210000000000000142e+01 3.355962878064677746e+00
3.220000000000000284e+01 3.372374115481453494e+00
3.230000000000000426e+01 3.402657093799384747e+00
3.239999999999999858e+01 3.440743134450449325e+00
3.250000000000000000e+01 3.480162553232022837e+00
3.260000000000000142e+01 3.515286737865542577e+00
3.270000000000000284e+01 3.541999478891161068e+00
3.280000000000000426e+01 3.557898421393959065e+00
3.289999999999999858e+01 3.562225765990385984e+00
3.300000000000000000e+01 3.555678647662899650e+00
3.310000000000000142e+01 3.540165158157777547e+00
3.320000000000000284e+01 3.518507765836498713e+00
3.330000000000000426e+01 3.494067742059050463e+00
3.339999999999999858e+01 3.470274934808329714e+00
3.350000000000000000e+01 3.450093262246268111e+00
3.360000000000000142e+01 3.435514398020897975e+00
3.370000000000000284e+01 3.427210848028912515e+00
3.380000000000000426e+01 3.424456172042814384e+00
3.389999999999999858e+01 3.425334408714708623e+00
3.400000000000000000e+01 3.427162911881628915e+00
3.410000000000000142e+01 3.427002740523792390e+00
3.420000000000000284e+01 3.422147176347301034e+00
3.430000000000000426e+01 3.410533303835489249e+00
3.439999999999999858e+01 3.391072341513890365e+00
3.450000000000000000e+01 3.363916233600708683e+00
3.460000000000000142e+01 3.330664400300637595e+00
3.470000000000000284e+01 3.294468245545088436e+00
3.480000000000000426e+01 3.259923543359366960e+00
3.489999999999999858e+01 3.232589401503809690e+00
3.500000000000000000e+01 3.218016920225009070e+00
3.510000000000000142e+01 3.220392654637001861e+00
3.520000000000000284e+01 3.241243891120204168e+00
3.530000000000000426e+01 3.278821280873811084e+00
3.539999999999999858e+01 3.328488137971508998e+00
3.550000000000000000e+01 3.383869482085224423e+00
3.560000000000000142e+01 3.438161923227004202e+00
3.570000000000000284e+01 3.485118871114598171e+00
3.580000000000000426e+01 3.519565895956443313e+00
3.589999999999999858e+01 3.537552588067407910e+00
3.600000000000000000e+01 3.536320119692794695e+00
3.610000000000000142e+01 3.514230380302998835e+00
3.620000000000000284e+01 3.470745976589260540e+00
3.630000000000000426e+01 3.406506817089584693e+00
3.639999999999999858e+01 3.323518132727580898e+00
3.650000000000000000e+01 3.225428366395928670e+00
3.660000000000000142e+01 3.117807446538599425e+00
3.670000000000000284e+01 3.008217886807493358e+00
3.680000000000000426e+01 2.905736631647371837e+00
3.689999999999999858e+01 2.819593074874437555e+00
3.700000000000000000e+01 2.756988953987869362e+00
3.710000000000000142e+01 2.720936717629220070e+00
3.720000000000000284e+01 2.709387322762792927e+00
3.730000000000000426e+01 2.716238815376925686e+00
3.739999999999999858e+01 2.733520233929539245e+00
3.750000000000000000e+01 2.753491782745756566e+00
3.760000000000000142e+01 2.769919704805235305e+00
3.770000000000000284e+01 2.778531516152974667e+00
3.780000000000000426e+01 2.776997812225267204e+00
3.789999999999999858e+01 2.764753697627477358e+00
3.800000000000000000e+01 2.742815120134261875e+00
3.810000000000000142e+01 2.713604866922254999e+00
3.820000000000000284e+01 2.680711442518021848e+00
3.830000000000000426e+01 2.648465485216256798e+00
3.840000000000000568e+01 2.621253333728609469e+00
3.850000000000000000e+01 2.602618530064598978e+00
3.860000000000000142e+01 2.594391335148189981e+00
3.870000000000000284e+01 2.596195142726297256e+00
3.880000000000000426e+01 2.605565255108336586e+00
3.890000000000000568e+01 2.618621489519593837e+00
3.900000000000000000e+01 2.630992980155530958e+00
3.910000000000000142e+01 2.638676355751742086e+00
3.920000000000000284e+01 2.638667390340717844e+00
3.930000000000000426e+01 2.629376698600976336e+00
3.940000000000000568e+01 2.610917861906239423e+00
3.950000000000000000e+01 2.585331725674086201e+00
3.960000000000000142e+01 2.556710280169012695e+00
3.970000000000000284e+01 2.531040249444956203e+00
3.980000000000000426e+01 2.515475476352687867e+00
3.990000000000000568e+01 2.516836870883669697e+00
4.000000000000000000e+01 2.539593406507638207e+00
4.010000000000000142e+01 2.584205887616077835e+00
4.020000000000000284e+01 2.646829135286422385e+00
4.030000000000000426e+01 2.720567346917459606e+00
4.040000000000000568e+01 2.797472035198838469e+00
4.050000000000000000e+01 2.870254220528139832e+00
4.060000000000000142e+01 2.933220846219693811e+00
4.070000000000000284e+01 2.982521503489849124e+00
4.080000000000000426e+01 3.016016093506855178e+00
4.090000000000000568e+01 3.033034803018959558e+00
4.100000000000000000e+01 3.034190036103217025e+00
4.110000000000000142e+01 3.021309037749150939e+00
4.120000000000000284e+01 2.997492239325872276e+00
4.130000000000000426e+01 2.967239337490618745e+00
4.140000000000000568e+01 2.936498274136880582e+00
4.150000000000000000e+01 2.912390887157739972e+00
4.160000000000000142e+01 2.902339658942084899e+00
4.170000000000000284e+01 2.912526978517437026e+00
4.180000000000000426e+01 2.946124600357826750e+00
4.190000000000000568e+01 3.002193310328381326e+00
4.200000000000000000e+01 3.075964099106130334e+00
4.210000000000000142e+01 3.160344016060649075e+00
4.220000000000000284e+01 3.247775223037081993e+00
4.230000000000000426e+01 3.331641316379850615e+00
4.240000000000000568e+01 3.406956097986253873e+00
4.250000000000000000e+01 3.470494392972589548e+00
4.260000000000000142e+01 3.520638034199766064e+00
4.270000000000000284e+01 3.557140068930784160e+00
4.280000000000000426e+01 3.580904048538874562e+00
4.290000000000000568e+01 3.593794097498070883e+00
4.300000000000000000e+01 3.598441300148974342e+00
4.310000000000000142e+01 3.597987691254696863e+00
4.320000000000000284e+01 3.595714492061860668e+00
4.330000000000000426e+01 3.594546510561225539e+00
4.340000000000000568e+01 3.596507224220600207e+00
4.350000000000000000e+01 3.602280748092973717e+00
4.360000000000000142e+01 3.611051576689844111e+00
4.370000000000000284e+01 3.620703890451451912e+00
4.380000000000000426e+01 3.628316090709207131e+00
4.390000000000000568e+01 3.630783165605746099e+00
4.400000000000000000e+01 3.625398451063300165e+00
4.410000000000000142e+01 3.610300276883697812e+00
4.420000000000000284e+01 3.584770268578323815e+00
4.430000000000000426e+01 3.549412559664188560e+00
4.440000000000000568e+01 3.506238524887946184e+00
4.450000000000000000e+01 3.458642591666324151e+00
4.460000000000000142e+01 3.411201935503278548e+00
4.470000000000000284e+01 3.369199486795614540e+00
4.480000000000000426e+01 3.337807413623274932e+00
4.490000000000000568e+01 3.321019792636485057e+00
4.500000000000000000e+01 3.320643628901849276e+00
4.510000000000000142e+01 3.335769476802818545e+00
4.520000000000000284e+01 3.362975482583946629e+00
4.530000000000000426e+01 3.397147637276805909e+00
4.540000000000000568e+01 3.432524897999272628e+00
4.550000000000000000e+01 3.463591812602784259e+00
4.560000000000000142e+01 3.485647950455518895e+00
4.570000000000000284e+01 3.495081004016499016e+00
4.580000000000000426e+01 3.489461209358782234e+00
4.590000000000000568e+01 3.467578270264550788e+00
4.600000000000000000e+01 3.429509730347974905e+00
4.610000000000000142e+01 3.376770932290671823e+00
4.620000000000000284e+01 3.312550451063823065e+00
4.630000000000000426e+01 3.241960036028827652e+00
4.640000000000000568e+01 3.172102676901501717e+00
4.650000000000000000e+01 3.111612247267816933e+00
4.660000000000000142e+01 3.069298649869954598e+00
4.670000000000000284e+01 3.051916010107575516e+00
4.680000000000000426e+01 3.061881110987351384e+00
4.690000000000000568e+01 3.096290364290871011e+00
4.700000000000000000e+01 3.147928695301196456e+00
4.710000000000000142e+01 3.207571244049972847e+00
4.720000000000000284e+01 3.266227572194749129e+00
4.730000000000000426e+01 3.316502210698475839e+00
4.740000000000000568e+01 3.353055524208135019e+00
4.750000000000000000e+01 3.372531782855927140e+00
4.760000000000000142e+01 3.373300923324818790e+00
4.770000000000000284e+01 3.355209162088486075e+00
4.780000000000000426e+01 3.319406704859790835e+00
4.790000000000000568e+01 3.268245016661293523e+00
4.800000000000000000e+01 3.205191925264389230e+00
4.810000000000000142e+01 3.134682846329648775e+00
4.820000000000000284e+01 3.061812131642238644e+00
4.830000000000000426e+01 2.991792531547746048e+00
4.840000000000000568e+01 2.929201018399208323e+00
4.850000000000000000e+01 2.877176630995879503e+00
4.860000000000000142e+01 2.836854433913188700e+00
4.870000000000000284e+01 2.807287235290443661e+00
4.880000000000000426e+01 2.785900638237768678e+00
4.890000000000000568e+01 2.769290363117428821e+00
4.900000000000000000e+01 2.754076981338725361e+00
4.910000000000000142e+01 2.737609393358495513e+00
4.920000000000000284e+01 2.718444589367517761e+00
4.930000000000000426e+01 2.696617690680788826e+00
4.940000000000000568e+01 2.673720858425394198e+00
4.950000000000000000e+01 2.652760789684682319e+00
4.960000000000000142e+01 2.637717193278020567e+00
4.970000000000000284e+01 2.632746132778009951e+00
4.980000000000000426e+01 2.641113273177353449e+00
4.990000000000000568e+01 2.664161890874608751e+00
5.000000000000000000e+01 2.700740054927670553e+00
5.010000000000000142e+01 2.747350887238132700e+00
5.020000000000000284e+01 2.798917709167739520e+00
5.030000000000000426e+01 2.849775887561079024e+00
5.040000000000000568e+01 2.894515042514528069e+00
5.050000000000000000e+01 2.928505422366360911e+00
5.060000000000000142e+01 2.948144129471605979e+00
5.070000000000000284e+01 2.950949262730365952e+00
5.080000000000000426e+01 2.935632814628397647e+00
5.090000000000000568e+01 2.902249149428024033e+00
5.100000000000000000e+01 2.852473032384436280e+00
5.110000000000000142e+01 2.790001700188226685e+00
5.120000000000000284e+01 2.720964337320744608e+00
5.130000000000000426e+01 2.654026495584741241e+00
5.140000000000000568e+01 2.599656601291514768e+00
5.150000000000000000e+01 2.568075435641979709e+00
5.160000000000000142e+01 2.566173073946612426e+00
5.170000000000000284e+01 2.594928663502346744e+00
5.180000000000000426e+01 2.649146084338583229e+00
5.190000000000000568e+01 2.719697775841770415e+00
5.200000000000000000e+01 2.796623884613357980e+00
5.210000000000000142e+01 2.871384126083590616e+00
5.220000000000000284e+01 2.937771221389122722e+00
5.230000000000000426e+01 2.991896542616046428e+00
5.240000000000000568e+01 3.031808812625705229e+00
5.250000000000000000e+01 3.057101976972190105e+00
5.260000000000000142e+01 3.068653970151911103e+00
5.270000000000000284e+01 3.068506200283676044e+00
5.280000000000000426e+01 3.059819692584285544e+00
5.290000000000000568e+01 3.046793843414687508e+00
5.300000000000000000e+01 3.034402016722265394e+00
5.310000000000000142e+01 3.027816612158447995e+00
5.320000000000000284e+01 3.031515614579211260e+00
5.330000000000000426e+01 3.048283523767961523e+00
5.340000000000000568e+01 3.078510389090629573e+00
5.350000000000000000e+01 3.120146310844019055e+00
5.360000000000000142e+01 3.169345725554637561e+00
5.370000000000000284e+01 3.221485953390543777e+00
5.380000000000000426e+01 3.272147217570522404e+00
5.390000000000000568e+01 3.317802611728899898e+00
5.400000000000000000e+01 3.356185565617392008e+00
5.410000000000000142e+01 3.386424262465938639e+00
5.420000000000000284e+01 3.409039407523791532e+00
5.430000000000000426e+01 3.425844906964266023e+00
5.440000000000000568e+01 3.439721984806749955e+00
5.450000000000000000e+01 3.454196004053544211e+00
5.460000000000000142e+01 3.472770142849052277e+00
5.470000000000000284e+01 3.498084237736118762e+00
5.480000000000000426e+01 3.531129518582633686e+00
5.490000000000000568e+01 3.570832453400186957e+00
5.500000000000000000e+01 3.614204021831351366e+00
5.510000000000000142e+01 3.656982001167658147e+00
5.520000000000000284e+01 3.694479164676016225e+00
5.530000000000000426e+01 3.722337713868782316e+00
5.540000000000000568e+01 3.737033189994491522e+00
5.550000000000000000e+01 3.736127952795056384e+00
5.560000000000000142e+01 3.718359307584182982e+00
5.570000000000000284e+01 3.683660824142897638e+00
5.580000000000000426e+01 3.633191542874497415e+00
5.590000000000000568e+01 3.569410679444800394e+00
5.600000000000000000e+01 3.496188078880780203e+00
5.610000000000000142e+01 3.418873253608366358e+00
5.620000000000000284e+01 3.344156311066305509e+00
5.630000000000000426e+01 3.279484180553263073e+00
5.640000000000000568e+01 3.231861816551115041e+00
5.650000000000000000e+01 3.206195986831851474e+00
5.660000000000000142e+01 3.203826024981271559e+00
5.670000000000000284e+01 3.222060872283702526e+00
5.680000000000000426e+01 3.255030535015869475e+00
5.690000000000000568e+01 3.295345784774437181e+00
5.700000000000000000e+01 3.335721117625912502e+00
5.710000000000000142e+01 3.370026362756307847e+00
5.720000000000000284e+01 3.393716648216523968e+00
5.730000000000000426e+01 3.403853629332764363e+00
5.740000000000000568e+01 3.398952861793116398e+00
5.750000000000000000e+01 3.378812350328367131e+00
5.760000000000000142e+01 3.344393876638724006e+00
5.770000000000000284e+01 3.297768264479292277e+00
5.780000000000000426e+01 3.242089790392454152e+00
5.790000000000000568e+01 3.181521464580303160e+00
5.800000000000000000e+01 3.120995165418407602e+00
5.810000000000000142e+01 3.065689530992736334e+00
5.820000000000000284e+01 3.020196015951614132e+00
5.830000000000000426e+01 2.987538421196458849e+00
5.840000000000000568e+01 2.968414863521860347e+00
5.850000000000000000e+01 2.961042999240188767e+00
5.860000000000000142e+01 2.961717377728791512e+00
5.870000000000000284e+01 2.965823966559943514e+00
5.880000000000000426e+01 2.968896692753399513e+00
5.890000000000000568e+01 2.967414680234808699e+00
5.900000000000000000e+01 2.959254727220447467e+00
5.910000000000000142e+01 2.943856563893865186e+00
5.920000000000000284e+01 2.922186111795453289e+00
5.930000000000000426e+01 2.896540371227332322e+00
5.940000000000000568e+01 2.870185923357653657e+00
5.950000000000000000e+01 2.846806429246246051e+00
5.960000000000000142e+01 2.829780615262885490e+00
5.970000000000000284e+01 2.821414865086138590e+00
5.980000000000000426e+01 2.822350722484259222e+00
5.990000000000000568e+01 2.831361554750794873e+00
6.000000000000000000e+01 2.845608355868151307e+00
6.010000000000000142e+01 2.861230801792113532e+00
6.020000000000000284e+01 2.874045277294510647e+00
6.030000000000000426e+01 2.880158520645236031e+00
6.040000000000000568e+01 2.876420515287327895e+00
6.050000000000000000e+01 2.860743915049657637e+00
6.060000000000000142e+01 2.832367651731535041e+00
6.070000000000000284e+01 2.792141954183005481e+00
6.080000000000000426e+01 2.742869986704001395e+00
6.090000000000000568e+01 2.689648338303938679e+00
6.100000000000000000e+01 2.639984665716144985e+00
6.110000000000000142e+01 2.603268454971823687e+00
6.120000000000000284e+01 2.589135329196216251e+00
6.130000000000000426e+01 2.604767740744749815e+00
6.140000000000000568e+01 2.652229155376952363e+00
6.150000000000000000e+01 2.727518309712810396e+00
6.160000000000000142e+01 2.822027437542616202e+00
6.170000000000000284e+01 2.925318531850498172e+00
6.180000000000000426e+01 3.027557792234415679e+00
6.190000000000000568e+01 3.120798701047190260e+00
6.200000000000000000e+01 3.199269186362200479e+00
6.210000000000000142e+01 3.259153852632561410e+00
6.220000000000000284e+01 3.298257020145785923e+00
6.230000000000000426e+01 3.315739752951597286e+00
6.240000000000000568e+01 3.311993761988680340e+00
6.250000000000000000e+01 3.288650420136156605e+00
6.260000000000000142e+01 3.248687552464398554e+00
6.270000000000000284e+01 3.196557522244460436e+00
6.280000000000000426e+01 3.138200678086576545e+00
6.290000000000000568e+01 3.080743162211870612e+00
6.300000000000000000e+01 3.031678568184169364e+00
6.310000000000000142e+01 2.997514339006326800e+00
6.320000000000000284e+01 2.982251091486630479e+00
6.330000000000000426e+01 2.986396755234422606e+00
6.340000000000000568e+01 3.007076083758158713e+00
6.350000000000000000e+01 3.039159361684568683e+00
6.360000000000000142e+01 3.076774308386916346e+00
6.370000000000000284e+01 3.114555224556706747e+00
6.380000000000000426e+01 3.148362273894922847e+00
6.390000000000000568e+01 3.175545886613606150e+00
6.400000000000000000e+01 3.194949077294562567e+00
6.410000000000000853e+01 3.206797648671040335e+00
6.420000000000000284e+01 3.212537300306746335e+00
6.429999999999999716e+01 3.214600854791731521e+00
6.440000000000000568e+01 3.216052146244480880e+00
6.450000000000000000e+01 3.220068758253860075e+00
6.460000000000000853e+01 3.229298862313328300e+00
6.470000000000000284e+01 3.245231954208440683e+00
6.479999999999999716e+01 3.267788483707381175e+00
6.490000000000000568e+01 3.295285960074544995e+00
6.500000000000000000e+01 3.324785910770915898e+00
6.510000000000000853e+01 3.352671702408403842e+00
6.520000000000000284e+01 3.375257355067145859e+00
6.529999999999999716e+01 3.389290881728499016e+00
6.540000000000000568e+01 3.392320509201514955e+00
6.550000000000000000e+01 3.382968549246975876e+00
6.560000000000000853e+01 3.361180952324251514e+00
6.570000000000000284e+01 3.328495469101330428e+00
6.579999999999999716e+01 3.288302833580065254e+00
6.590000000000000568e+01 3.245961722664385540e+00
6.600000000000000000e+01 3.208492194301951095e+00
6.610000000000000853e+01 3.183526114512228666e+00
6.620000000000000284e+01 3.177450211184435602e+00
6.629999999999999716e+01 3.193314262702035666e+00
6.640000000000000568e+01 3.229623114870233458e+00
6.650000000000000000e+01 3.280807901695393713e+00
6.660000000000000853e+01 3.339049904545919212e+00
6.670000000000000284e+01 3.396347078234753347e+00
6.679999999999999716e+01 3.445936204193210450e+00
6.690000000000000568e+01 3.482877569904319959e+00
6.700000000000000000e+01 3.504059855674864554e+00
6.710000000000000853e+01 3.507954848876084775e+00
6.720000000000000284e+01 3.494346183904449621e+00
6.729999999999999716e+01 3.464140141496511838e+00
6.740000000000000568e+01 3.419289325481731812e+00
6.750000000000000000e+01 3.362810346232942393e+00
6.760000000000000853e+01 3.298831016091152257e+00
6.770000000000000284e+01 3.232548429601652895e+00
6.779999999999999716e+01 3.169931625983313239e+00
6.790000000000000568e+01 3.117018732219317467e+00
6.800000000000000000e+01 3.078817850301797776e+00
6.810000000000000853e+01 3.058120311698734106e+00
6.820000000000000284e+01 3.054768658163810269e+00
6.829999999999999716e+01 3.065796918510306668e+00
6.840000000000000568e+01 3.086381564890624762e+00
6.850000000000000000e+01 3.111116229811691003e+00
6.860000000000000853e+01 3.135094520867831580e+00
6.870000000000000284e+01 3.154559646167396814e+00
6.879999999999999716e+01 3.167153987493305678e+00
6.890000000000000568e+01 3.171917321821249303e+00
6.900000000000000000e+01 3.169165749912858043e+00
6.910000000000000853e+01 3.160314739102255466e+00
6.920000000000000284e+01 3.147642735150315119e+00
6.929999999999999716e+01 3.133952302452983396e+00
6.940000000000000568e+01 3.122090898938809644e+00
6.950000000000000000e+01 3.114353783976874013e+00
6.960000000000000853e+01 3.111889817628831878e+00
6.970000000000000284e+01 3.114303894402494777e+00
6.979999999999999716e+01 3.119621004583398527e+00
6.990000000000000568e+01 3.124637067600096074e+00
7.000000000000000000e+01 3.125522285934428712e+00
7.010000000000000853e+01 3.118475203387223615e+00
7.020000000000000284e+01 3.100275486502563460e+00
7.029999999999999716e+01 3.068687816195591722e+00
7.040000000000000568e+01 3.022754849883987127e+00
7.050000000000000000e+01 2.963051847477405243e+00
7.060000000000000853e+01 2.891958930873750333e+00
7.070000000000000284e+01 2.813939651035769263e+00
7.079999999999999716e+01 2.735686529198326777e+00
7.090000000000000568e+01 2.665817986585611532e+00
7.100000000000000000e+01 2.613710077275974708e+00
7.110000000000000853e+01 2.587307121262000909e+00
7.120000000000000284e+01 2.590550806961479324e+00
7.129999999999999716e+01 2.621840086078633725e+00
7.140000000000000568e+01 2.674583250874397855e+00
7.150000000000000000e+01 2.739434601286175663e+00
7.160000000000000853e+01 2.806784786613432559e+00
7.170000000000000284e+01 2.868412841940858549e+00
7.179999999999999716e+01 2.918124898481459173e+00
7.190000000000000568e+01 2.951743339180863845e+00
7.200000000000000000e+01 2.966855325940507271e+00
7.210000000000000853e+01 2.962579748243578504e+00
7.220000000000000284e+01 2.939474211218933153e+00
7.229999999999999716e+01 2.899623517513199467e+00
7.240000000000000568e+01 2.846896833588639986e+00
7.250000000000000000e+01 2.787280509720411636e+00
7.260000000000000853e+01 2.729040868576672274e+00
7.270000000000000284e+01 2.682263337039424655e+00
7.279999999999999716e+01 2.657255810380670713e+00
7.290000000000000568e+01 2.661801791744229373e+00
7.300000000000000000e+01 2.698373003817735150e+00
7.310000000000000853e+01 2.763108390186220564e+00
7.320000000000000284e+01 2.847352038297891852e+00
7.329999999999999716e+01 2.940623551683325232e+00
7.340000000000000568e+01 3.033234086916197114e+00
7.350000000000000000e+01 3.117668315314012339e+00
7.360000000000000853e+01 3.188897658133005297e+00
7.370000000000000284e+01 3.244147630863059462e+00
7.379999999999999716e+01 3.282519480512935850e+00
7.390000000000000568e+01 3.304650051701667035e+00
7.400000000000000000e+01 3.312445102772391792e+00
7.410000000000000853e+01 3.308846315743964261e+00
7.420000000000000284e+01 3.297563174524738017e+00
7.429999999999999716e+01 3.282704122471806762e+00
7.440000000000000568e+01 3.268279645827987245e+00
7.450000000000000000e+01 3.257623887246630545e+00
7.460000000000000853e+01 3.252865718189371869e+00
7.470000000000000284e+01 3.254619035718564923e+00
7.479999999999999716e+01 3.262008570423726717e+00
7.490000000000000568e+01 3.273020409120793950e+00
7.500000000000000000e+01 3.285049034564992532e+00
7.510000000000000853e+01 3.295477658471687832e+00
7.520000000000000284e+01 3.302175526520385151e+00
7.529999999999999716e+01 3.303869353306827517e+00
7.540000000000000568e+01 3.300394363674498344e+00
7.550000000000000000e+01 3.292835555477656939e+00
7.560000000000000853e+01 3.283540527564246858e+00
7.570000000000000284e+01 3.275943883070586260e+00
7.579999999999999716e+01 3.274124061928914031e+00
7.590000000000000568e+01 3.282060860857529683e+00
7.600000000000000000e+01 3.302700476143379582e+00
7.610000000000000853e+01 3.337109215454673539e+00
7.620000000000000284e+01 3.384058701995621199e+00
7.629999999999999716e+01 3.440221561775532066e+00
7.640000000000000568e+01 3.500856358165466364e+00
7.650000000000000000e+01 3.560659206123868437e+00
7.660000000000000853e+01 3.614485048277649160e+00
7.670000000000000284e+01 3.657808892466122508e+00
7.680000000000001137e+01 3.686952757486062104e+00
7.690000000000000568e+01 3.699175482208236332e+00
7.700000000000000000e+01 3.692725485013234277e+00
7.710000000000000853e+01 3.666931374240636643e+00
7.720000000000000284e+01 3.622376254913295845e+00
7.730000000000001137e+01 3.561169484317451506e+00
7.740000000000000568e+01 3.487277175794338824e+00
7.750000000000000000e+01 3.406774207481944927e+00
7.760000000000000853e+01 3.327731109759221262e+00
7.770000000000000284e+01 3.259336498985904385e+00
7.780000000000001137e+01 3.210022123959692664e+00
7.790000000000000568e+01 3.185020205209559307e+00
7.800000000000000000e+01 3.184587222856571032e+00
7.810000000000000853e+01 3.204071548438875983e+00
7.820000000000000284e+01 3.235763854446651600e+00
7.830000000000001137e+01 3.271299944506590229e+00
7.840000000000000568e+01 3.303436563692030870e+00
7.850000000000000000e+01 3.326848239316662070e+00
7.860000000000000853e+01 3.338214254057901620e+00
7.870000000000000284e+01 3.335992217399494031e+00
7.880000000000001137e+01 3.320144405368942397e+00
7.890000000000000568e+01 3.291924766839992245e+00
7.900000000000000000e+01 3.253724928449628351e+00
7.910000000000000853e+01 3.208913090960585190e+00
7.920000000000000284e+01 3.161568763786883896e+00
7.930000000000001137e+01 3.116026721546261147e+00
7.940000000000000568e+01 3.076216402054334331e+00
7.950000000000000000e+01 3.044916185778461681e+00
7.960000000000000853e+01 3.023167967107238674e+00
7.970000000000000284e+01 3.010101848104507205e+00
7.980000000000001137e+01 3.003256258355393449e+00
7.990000000000000568e+01 2.999252050451910012e+00
8.000000000000000000e+01 2.994560766187480905e+00
