0.000000000000000000e+00 -0.000000000000000000e+00
1.875000000000000000e-01 2.105700621930166050e-01
3.750000000000000000e-01 8.211317291687785236e-01
5.625000000000000000e-01 1.668930846680140467e+00
7.500000000000000000e-01 2.394233415245457408e+00
9.375000000000000000e-01 2.900052497541332652e+00
1.125000000000000000e+00 3.452967232021961763e+00
1.312500000000000000e+00 3.976384005601717675e+00
1.500000000000000000e+00 4.095040878789485639e+00
1.687500000000000000e+00 3.727812839104426068e+00
1.875000000000000000e+00 3.183818037393401745e+00
2.062500000000000000e+00 2.778556410689128953e+00
2.250000000000000000e+00 2.364570187011715507e+00
2.437500000000000000e+00 1.658458237215560960e+00
2.625000000000000000e+00 8.656658277126072498e-01
2.812500000000000000e+00 3.218419255049473349e-01
3.000000000000000000e+00 1.693781463701904133e-01
3.187500000000000000e+00 4.622976744230941626e-01
3.375000000000000000e+00 1.178627818480164402e+00
3.562500000000000000e+00 2.061451277218848688e+00
3.750000000000000000e+00 2.713914840735186740e+00
3.937500000000000000e+00 3.169652512734149052e+00
4.125000000000000000e+00 3.608104057161455103e+00
4.312500000000000000e+00 3.818864096790111962e+00
4.500000000000000000e+00 3.664103563400236574e+00
4.687500000000000000e+00 3.310714113074311626e+00
4.875000000000000000e+00 3.038132953606083486e+00
5.062500000000000000e+00 2.942150592858201463e+00
5.250000000000000000e+00 2.677554696482108643e+00
5.437500000000000000e+00 2.002471289945237043e+00
5.625000000000000000e+00 1.242770437786533622e+00
5.812500000000000000e+00 7.478247221444864756e-01
6.000000000000000000e+00 6.762819031865517916e-01
6.187500000000000000e+00 1.094406859527294218e+00
6.375000000000000000e+00 1.902777966848993030e+00
6.562500000000000000e+00 2.682397273424184991e+00
6.750000000000000000e+00 3.096845169752822535e+00
6.937500000000000000e+00 3.340144937220538068e+00
7.125000000000000000e+00 3.457729644699873539e+00
7.312500000000000000e+00 3.338383905892793990e+00
7.500000000000000000e+00 3.133631383357166733e+00
7.687500000000000000e+00 3.035345494909281960e+00
7.875000000000000000e+00 3.170240799702179313e+00
8.062500000000000000e+00 3.407345741102691061e+00
8.250000000000000000e+00 3.249316215150408915e+00
8.437500000000000000e+00 2.568266693096309172e+00
8.625000000000000000e+00 1.831280577964613077e+00
8.812500000000000000e+00 1.405333813660494036e+00
9.000000000000000000e+00 1.444032214383632606e+00
9.187500000000000000e+00 1.962568386915112484e+00
9.375000000000000000e+00 2.697676719616574736e+00
9.562500000000000000e+00 3.149390777459440294e+00
9.750000000000000000e+00 3.272169096959823165e+00
9.937500000000000000e+00 3.282119640503367908e+00
1.012500000000000000e+01 3.101448811732488764e+00
1.031250000000000000e+01 2.841704744444805364e+00
1.050000000000000000e+01 2.768600847863654124e+00
1.068750000000000000e+01 2.997478017057348954e+00
1.087500000000000000e+01 3.506579593467657130e+00
1.106250000000000000e+01 3.959755231257066299e+00
1.125000000000000000e+01 3.789894797362115320e+00
1.143750000000000000e+01 3.079764244492805059e+00
1.162500000000000000e+01 2.404298053193421492e+00
1.181250000000000000e+01 2.087053447742387213e+00
1.200000000000000000e+01 2.217520249014523159e+00
1.218750000000000000e+01 2.698390692664554891e+00
1.237500000000000000e+01 3.145314490667311169e+00
1.256250000000000000e+01 3.280268231914129640e+00
1.275000000000000000e+01 3.270090454780719913e+00
1.293750000000000000e+01 3.078847937679543456e+00
1.312500000000000000e+01 2.660916818396916739e+00
1.331250000000000000e+01 2.364889828688863105e+00
1.350000000000000000e+01 2.446090734673136424e+00
1.368750000000000000e+01 2.926174088068957957e+00
1.387500000000000000e+01 3.647546088676373532e+00
1.406250000000000000e+01 4.124620664038686435e+00
1.425000000000000000e+01 3.875413058688487844e+00
1.443750000000000000e+01 3.226307425484046032e+00
1.462500000000000000e+01 2.732102453997200531e+00
1.481250000000000000e+01 2.586164872633857748e+00
1.500000000000000000e+01 2.775513348763747334e+00
1.518750000000000000e+01 3.107864354234966875e+00
1.537500000000000000e+01 3.273844276018841093e+00
1.556250000000000000e+01 3.271241160324083186e+00
1.575000000000000000e+01 3.122904770842720001e+00
1.593750000000000000e+01 2.613236480394799610e+00
1.612500000000000000e+01 1.994357688267359041e+00
1.631250000000000000e+01 1.717195058291337562e+00
1.650000000000000000e+01 1.919485412718000550e+00
1.668750000000000000e+01 2.529156584234845795e+00
1.687500000000000000e+01 3.297064243286078167e+00
1.706250000000000000e+01 3.709013939545961591e+00
1.725000000000000000e+01 3.490104598502158151e+00
1.743750000000000000e+01 3.097047048129039748e+00
1.762500000000000000e+01 2.930839903572970861e+00
1.781250000000000000e+01 3.014029744795769350e+00
1.800000000000000000e+01 3.227917267980418448e+00
1.818750000000000000e+01 3.350151326389994466e+00
1.837500000000000000e+01 3.270945469237839909e+00
1.856250000000000000e+01 3.085112748472761623e+00
1.875000000000000000e+01 2.603473142197735513e+00
1.893750000000000000e+01 1.796829447744349384e+00
1.912500000000000000e+01 1.149633005587344048e+00
1.931250000000000000e+01 9.714538127252529964e-01
1.950000000000000000e+01 1.273551498171744178e+00
1.968750000000000000e+01 1.939963693319163074e+00
1.987500000000000000e+01 2.701079930545674745e+00
2.006250000000000000e+01 3.108644997208732441e+00
2.025000000000000000e+01 3.087659060595071114e+00
2.043750000000000000e+01 3.085911838366605320e+00
2.062500000000000000e+01 3.294148961380527929e+00
2.081250000000000000e+01 3.548209279928493665e+00
2.100000000000000000e+01 3.629587930390695494e+00
2.118750000000000000e+01 3.414354383661475367e+00
2.137500000000000000e+01 3.060788747347901850e+00
2.156250000000000000e+01 2.611111178952257195e+00
2.175000000000000000e+01 1.844917667988499543e+00
2.193750000000000000e+01 9.825092219662905357e-01
2.212500000000000000e+01 4.488956466478733476e-01
2.231250000000000000e+01 3.867084911700761629e-01
2.250000000000000000e+01 7.589904135673228858e-01
2.268750000000000000e+01 1.460952301679598442e+00
2.287500000000000000e+01 2.234070056812232252e+00
2.306250000000000000e+01 2.712548952769349153e+00
2.325000000000000000e+01 2.961835694217665793e+00
2.343750000000000000e+01 3.339965240685449199e+00
2.362500000000000000e+01 3.800957328641538346e+00
2.381250000000000000e+01 4.002957469284657677e+00
2.400000000000000000e+01 3.753610863585278512e+00
