0.000000000000000000e+00 -0.000000000000000000e+00
1.000000000000000056e-01 1.999512279250765037e-02
2.000000000000000111e-01 7.980958060764078987e-02
2.999999999999999889e-01 1.778858513696372212e-01
4.000000000000000222e-01 3.085392867954238616e-01
5.000000000000000000e-01 4.588474871795694132e-01
5.999999999999999778e-01 6.086736016712247510e-01
6.999999999999999556e-01 7.384304463279747210e-01
8.000000000000000444e-01 8.423106215524601703e-01
9.000000000000000222e-01 9.327512780923197244e-01
1.000000000000000000e+00 1.028267731988839140e+00
1.100000000000000089e+00 1.137573156080632142e+00
1.199999999999999956e+00 1.254835367824539194e+00
1.300000000000000044e+00 1.367631489405044087e+00
1.399999999999999911e+00 1.468586485033973821e+00
1.500000000000000000e+00 1.559874174103960121e+00
1.600000000000000089e+00 1.649326525321841208e+00
1.699999999999999956e+00 1.744346696062972546e+00
1.800000000000000044e+00 1.847325788554306847e+00
1.899999999999999911e+00 1.954726522076086770e+00
2.000000000000000000e+00 2.060724708838123309e+00
2.100000000000000089e+00 2.161660564945543150e+00
2.200000000000000178e+00 2.257557957418027339e+00
2.299999999999999822e+00 2.351204458293780331e+00
2.399999999999999911e+00 2.446221521553920031e+00
2.500000000000000000e+00 2.544847627149849689e+00
2.600000000000000089e+00 2.646638361091971703e+00
2.700000000000000178e+00 2.749108748504332844e+00
2.799999999999999822e+00 2.849647974925338278e+00
2.899999999999999911e+00 2.947092840818345660e+00
3.000000000000000000e+00 3.042130393742452199e+00
3.100000000000000089e+00 3.136704292597713550e+00
3.200000000000000178e+00 3.232863208222261253e+00
3.299999999999999822e+00 3.331528996256946762e+00
3.399999999999999911e+00 3.431950251977922584e+00
3.500000000000000000e+00 3.532305954755436517e+00
3.600000000000000089e+00 3.630937384923931699e+00
3.700000000000000178e+00 3.727331376720812273e+00
3.799999999999999822e+00 3.822367303202422573e+00
3.899999999999999911e+00 3.917729482400749585e+00
4.000000000000000000e+00 4.014789627652904258e+00
4.099999999999999645e+00 4.113697587111264653e+00
4.200000000000000178e+00 4.213359171291626737e+00
4.299999999999999822e+00 4.312282739701698731e+00
4.400000000000000355e+00 4.409593872505152667e+00
4.500000000000000000e+00 4.505503817254347787e+00
4.599999999999999645e+00 4.601044360670899280e+00
4.700000000000000178e+00 4.697358065286652895e+00
4.799999999999999822e+00 4.794994996446734881e+00
4.900000000000000355e+00 4.893631586229793662e+00
5.000000000000000000e+00 4.992373271331764784e+00
5.099999999999999645e+00 5.090372564002818123e+00
5.200000000000000178e+00 5.187300420281715674e+00
5.299999999999999822e+00 5.283450891698857177e+00
5.400000000000000355e+00 5.379527014724496681e+00
5.500000000000000000e+00 5.476235467150411651e+00
5.599999999999999645e+00 5.573875298995400129e+00
5.700000000000000178e+00 5.672169497803639437e+00
5.799999999999999822e+00 5.770457837678028667e+00
5.900000000000000355e+00 5.868106483644774052e+00
6.000000000000000000e+00 5.964878900449472887e+00
6.099999999999999645e+00 6.061069384283755745e+00
6.200000000000000178e+00 6.157321131212682097e+00
6.299999999999999822e+00 6.254221962684116676e+00
6.400000000000000355e+00 6.351925349604122140e+00
6.500000000000000000e+00 6.450060884025770491e+00
6.599999999999999645e+00 6.547998606440525116e+00
6.700000000000000178e+00 6.645263043146829141e+00
6.799999999999999822e+00 6.741819162344214078e+00
6.900000000000000355e+00 6.838063623492213416e+00
7.000000000000000000e+00 6.934558152494775030e+00
7.099999999999999645e+00 7.031670254467031533e+00
7.200000000000000178e+00 7.129356614710873785e+00
7.299999999999999822e+00 7.227216146474947145e+00
7.400000000000000355e+00 7.324775072266331399e+00
7.500000000000000000e+00 7.421773871281449608e+00
7.599999999999999645e+00 7.518300083438297143e+00
7.700000000000000178e+00 7.614706871812750855e+00
7.799999999999999822e+00 7.711395923655238072e+00
7.900000000000000355e+00 7.808572846417599855e+00
8.000000000000000000e+00 7.906137411842163232e+00
8.099999999999999645e+00 8.003764444493548069e+00
8.199999999999999289e+00 8.101111262771720334e+00
8.300000000000000711e+00 8.198012472434388798e+00
8.400000000000000355e+00 8.294569912743153139e+00
8.500000000000000000e+00 8.391075206296664035e+00
8.599999999999999645e+00 8.487842914893009905e+00
8.699999999999999289e+00 8.585019340144302902e+00
8.800000000000000711e+00 8.682497400622287032e+00
8.900000000000000355e+00 8.779989393841280076e+00
9.000000000000000000e+00 8.877209442083666247e+00
9.099999999999999645e+00 8.974039838822307047e+00
9.199999999999999289e+00 9.070592459467327728e+00
9.300000000000000711e+00 9.167141000948241469e+00
9.400000000000000355e+00 9.263931855205781218e+00
9.500000000000000000e+00 9.361036634239500387e+00
9.599999999999999645e+00 9.458286278317784124e+00
9.699999999999999289e+00 9.555372087773713830e+00
9.800000000000000711e+00 9.652025598623971803e+00
9.900000000000000355e+00 9.748136715381505724e+00
1.000000000000000000e+01 9.843797049066063565e+00
1.009999999999999964e+01 9.939164844472166749e+00
1.019999999999999929e+01 1.003432785635291147e+01
1.030000000000000071e+01 1.012920708030195804e+01
1.040000000000000036e+01 1.022353675759987546e+01
1.050000000000000000e+01 1.031697195120448818e+01
1.059999999999999964e+01 1.040921267398878136e+01
1.069999999999999929e+01 1.050008098577168525e+01
1.080000000000000071e+01 1.058945591084648896e+01
1.090000000000000036e+01 1.067717980763041652e+01
1.100000000000000000e+01 1.076292972805056536e+01
1.109999999999999964e+01 1.084616873711085816e+01
1.119999999999999929e+01 1.092621986661446520e+01
1.130000000000000071e+01 1.100246961762920961e+01
1.140000000000000036e+01 1.107453390630973011e+01
1.150000000000000000e+01 1.114238938246095678e+01
1.159999999999999964e+01 1.120638530937129573e+01
1.169999999999999929e+01 1.126719793294186189e+01
1.180000000000000071e+01 1.132571563250469637e+01
1.190000000000000036e+01 1.138293940296756368e+01
1.200000000000000000e+01 1.143989196043095191e+01
1.209999999999999964e+01 1.149753467096913795e+01
1.219999999999999929e+01 1.155674074409456864e+01
1.230000000000000071e+01 1.161818297870101091e+01
1.240000000000000036e+01 1.168219260163081685e+01
1.250000000000000000e+01 1.174851748028213905e+01
1.259999999999999964e+01 1.181606571778820225e+01
1.269999999999999929e+01 1.188289010803309509e+01
1.280000000000000071e+01 1.194651344093338707e+01
1.290000000000000036e+01 1.200470825596948821e+01
1.300000000000000000e+01 1.205632878059142321e+01
1.309999999999999964e+01 1.210171544976879687e+01
1.319999999999999929e+01 1.214244556166051403e+01
1.330000000000000071e+01 1.218059175847451137e+01
1.340000000000000036e+01 1.221782631387516638e+01
1.350000000000000000e+01 1.225473238849657953e+01
1.359999999999999964e+01 1.229059034920491911e+01
1.369999999999999929e+01 1.232366868803557480e+01
1.380000000000000071e+01 1.235190083219175783e+01
1.390000000000000036e+01 1.237367323865376889e+01
1.400000000000000000e+01 1.238846626181511290e+01
1.409999999999999964e+01 1.239711701861109461e+01
1.419999999999999929e+01 1.240162611784831270e+01
1.430000000000000071e+01 1.240457452092529245e+01
1.440000000000000036e+01 1.240838281193943970e+01
1.450000000000000000e+01 1.241470616755758805e+01
1.459999999999999964e+01 1.242416501275762464e+01
1.469999999999999929e+01 1.243640901120278919e+01
1.480000000000000071e+01 1.245037258446756034e+01
1.490000000000000036e+01 1.246460918316938482e+01
1.500000000000000000e+01 1.247762446506200185e+01
1.509999999999999964e+01 1.248814288375066361e+01
1.519999999999999929e+01 1.249522917955449408e+01
1.530000000000000071e+01 1.249825003797369938e+01
1.540000000000000036e+01 1.249674099035970798e+01
1.550000000000000000e+01 1.249026131308481880e+01
1.559999999999999964e+01 1.247839515397336818e+01
1.569999999999999929e+01 1.246088554219906364e+01
1.580000000000000071e+01 1.243783655508536690e+01
1.590000000000000036e+01 1.240982525028569583e+01
1.600000000000000000e+01 1.237789719484999473e+01
1.610000000000000142e+01 1.234336946890977593e+01
1.619999999999999929e+01 1.230746797057512154e+01
1.630000000000000071e+01 1.227103851020141256e+01
1.639999999999999858e+01 1.223451196664835017e+01
1.650000000000000000e+01 1.219813809351203737e+01
1.660000000000000142e+01 1.216223027341318108e+01
1.669999999999999929e+01 1.212715977878892915e+01
1.680000000000000071e+01 1.209311610367273460e+01
1.689999999999999858e+01 1.205982585033114773e+01
1.700000000000000000e+01 1.202650052650573897e+01
1.710000000000000142e+01 1.199211734811699692e+01
1.719999999999999929e+01 1.195577751126629273e+01
1.730000000000000071e+01 1.191686721585547915e+01
1.739999999999999858e+01 1.187505943948251463e+01
1.750000000000000000e+01 1.183027502137704623e+01
1.760000000000000142e+01 1.178262363122696854e+01
1.769999999999999929e+01 1.173233176597039851e+01
1.780000000000000071e+01 1.167965141524915218e+01
1.789999999999999858e+01 1.162479995526416943e+01
1.800000000000000000e+01 1.156796053415140868e+01
1.810000000000000142e+01 1.150931439632403297e+01
1.819999999999999929e+01 1.144907900905499609e+01
1.830000000000000071e+01 1.138754814806240212e+01
1.839999999999999858e+01 1.132505736144597819e+01
1.850000000000000000e+01 1.126194827890304317e+01
1.860000000000000142e+01 1.119851035033610209e+01
1.869999999999999929e+01 1.113492955040136678e+01
1.880000000000000071e+01 1.107125492291784852e+01
1.889999999999999858e+01 1.100740961073378266e+01
1.900000000000000000e+01 1.094323930524031852e+01
1.910000000000000142e+01 1.087855849055145718e+01
1.919999999999999929e+01 1.081319226214072238e+01
1.930000000000000071e+01 1.074698095839432099e+01
1.939999999999999858e+01 1.067978357958182478e+01
1.950000000000000000e+01 1.061147149416418856e+01
1.960000000000000142e+01 1.054194447604996121e+01
1.969999999999999929e+01 1.047119203501939388e+01
1.980000000000000071e+01 1.039937331722197200e+01
1.989999999999999858e+01 1.032686488936847802e+01
2.000000000000000000e+01 1.025426235955115750e+01
2.010000000000000142e+01 1.018226193450032291e+01
2.019999999999999929e+01 1.011154651999044951e+01
2.030000000000000071e+01 1.004268430459997319e+01
2.039999999999999858e+01 9.976034825937921013e+00
2.050000000000000000e+01 9.911670302521413234e+00
2.060000000000000142e+01 9.849357976222524513e+00
2.069999999999999929e+01 9.788644135031619342e+00
2.080000000000000071e+01 9.729009776930729103e+00
2.089999999999999858e+01 9.670034845804522661e+00
2.100000000000000000e+01 9.611533998081222663e+00
2.110000000000000142e+01 9.553665275714481098e+00
2.119999999999999929e+01 9.496973415482626635e+00
2.130000000000000071e+01 9.442371084110757096e+00
2.139999999999999858e+01 9.391005063825243582e+00
2.150000000000000000e+01 9.344069086641749067e+00
2.160000000000000142e+01 9.302583028381635089e+00
2.169999999999999929e+01 9.267223071977067406e+00
2.180000000000000071e+01 9.238178163012497279e+00
2.189999999999999858e+01 9.215111076537070289e+00
2.200000000000000000e+01 9.197211119349251618e+00
2.210000000000000142e+01 9.183349415448732955e+00
2.219999999999999929e+01 9.172260569099034200e+00
2.230000000000000071e+01 9.162715438842276683e+00
2.239999999999999858e+01 9.153675517370382764e+00
2.250000000000000000e+01 9.144408219658142656e+00
2.260000000000000142e+01 9.134565447108860425e+00
2.269999999999999929e+01 9.124149294424979573e+00
2.280000000000000071e+01 9.113400504076800246e+00
2.289999999999999858e+01 9.102680308838264622e+00
2.300000000000000000e+01 9.092368290811347009e+00
2.310000000000000142e+01 9.082816426024848511e+00
2.319999999999999929e+01 9.074348303624736545e+00
2.330000000000000071e+01 9.067274516342440194e+00
2.339999999999999858e+01 9.061917980547415041e+00
2.350000000000000000e+01 9.058663526714447300e+00
2.360000000000000142e+01 9.057935180196894365e+00
2.369999999999999929e+01 9.060170892559476385e+00
2.380000000000000071e+01 9.065650124848964708e+00
2.389999999999999858e+01 9.074274912536942850e+00
2.400000000000000000e+01 9.085450996442080651e+00
2.410000000000000142e+01 9.098177378187074282e+00
2.419999999999999929e+01 9.111344817858281431e+00
2.430000000000000071e+01 9.124102546081292786e+00
2.439999999999999858e+01 9.136134253563771068e+00
2.450000000000000000e+01 9.147743822667685265e+00
2.460000000000000142e+01 9.159717082843400249e+00
2.469999999999999929e+01 9.173019957181692163e+00
2.480000000000000071e+01 9.188376781825647655e+00
2.489999999999999858e+01 9.205929549037625392e+00
2.500000000000000000e+01 9.225127325632701769e+00
2.510000000000000142e+01 9.244926637386788215e+00
2.519999999999999929e+01 9.264220041979454479e+00
2.530000000000000071e+01 9.282297208051764059e+00
2.539999999999999858e+01 9.299116799119005350e+00
2.550000000000000000e+01 9.315346185094806941e+00
2.560000000000000142e+01 9.332127623231542657e+00
2.569999999999999929e+01 9.350653111193237166e+00
2.580000000000000071e+01 9.371756423227930455e+00
2.589999999999999858e+01 9.395720450202430740e+00
2.600000000000000000e+01 9.422349131139586831e+00
2.610000000000000142e+01 9.451155169685385715e+00
2.619999999999999929e+01 9.481487155228860431e+00
2.630000000000000071e+01 9.512614612753155896e+00
2.639999999999999858e+01 9.543848743393970935e+00
2.650000000000000000e+01 9.574710050640835135e+00
2.660000000000000142e+01 9.605053097775728688e+00
2.669999999999999929e+01 9.635093474016747095e+00
2.680000000000000071e+01 9.665313200932011739e+00
2.689999999999999858e+01 9.696257341048053036e+00
2.700000000000000000e+01 9.728342334949727999e+00
2.710000000000000142e+01 9.761721264386292063e+00
2.719999999999999929e+01 9.796261271803025750e+00
2.730000000000000071e+01 9.831633607098398286e+00
2.739999999999999858e+01 9.867471169857417124e+00
2.750000000000000000e+01 9.903531017436794315e+00
2.760000000000000142e+01 9.939775652915219695e+00
2.769999999999999929e+01 9.976329884753500465e+00
2.780000000000000071e+01 1.001333477401144201e+01
2.789999999999999858e+01 1.005082007872819183e+01
2.800000000000000000e+01 1.008868690079275687e+01
2.810000000000000142e+01 1.012681880048628713e+01
2.819999999999999929e+01 1.016520816435811980e+01
2.830000000000000071e+01 1.020399662696018694e+01
2.839999999999999858e+01 1.024341856351779612e+01
2.850000000000000000e+01 1.028365669802843385e+01
2.860000000000000142e+01 1.032469570061743092e+01
2.869999999999999929e+01 1.036625111319145454e+01
2.880000000000000071e+01 1.040787911789774256e+01
2.889999999999999858e+01 1.044922489111659125e+01
2.900000000000000000e+01 1.049022533926173040e+01
2.910000000000000142e+01 1.053117565449351289e+01
2.919999999999999929e+01 1.057261961893655666e+01
2.930000000000000071e+01 1.061516002897666056e+01
2.939999999999999858e+01 1.065920850218370752e+01
2.950000000000000000e+01 1.070483794322729310e+01
2.960000000000000142e+01 1.075177372027291334e+01
2.969999999999999929e+01 1.079951985741798559e+01
2.980000000000000071e+01 1.084752888327679976e+01
2.989999999999999858e+01 1.089535652293214341e+01
3.000000000000000000e+01 1.094275750057628649e+01
3.010000000000000142e+01 1.098972274449927866e+01
3.019999999999999929e+01 1.103640843819885653e+01
3.030000000000000071e+01 1.108304349323173277e+01
3.039999999999999858e+01 1.112983288925088310e+01
3.050000000000000000e+01 1.117691340431424862e+01
3.060000000000000142e+01 1.122431715978262012e+01
3.069999999999999929e+01 1.127193109098661061e+01
3.080000000000000071e+01 1.131952115475143650e+01
3.089999999999999858e+01 1.136678103956074537e+01
3.100000000000000000e+01 1.141345761690464933e+01
3.110000000000000142e+01 1.145945067717536503e+01
3.119999999999999929e+01 1.150485445311279342e+01
3.130000000000000071e+01 1.154990146766069437e+01
3.139999999999999858e+01 1.159485530772745498e+01
3.150000000000000000e+01 1.163984699140605450e+01
3.160000000000000142e+01 1.168475504746456473e+01
3.169999999999999929e+01 1.172917178750010692e+01
3.180000000000000071e+01 1.177255201798171669e+01
3.189999999999999858e+01 1.181436776707642800e+01
3.200000000000000000e+01 1.185429452153142726e+01
3.210000000000000142e+01 1.189221219589732392e+01
3.220000000000000284e+01 1.192817010010814727e+01
3.229999999999999716e+01 1.196231607129178265e+01
3.239999999999999858e+01 1.199488055377389806e+01
3.250000000000000000e+01 1.202609485653694144e+01
3.260000000000000142e+01 1.205618994008953848e+01
3.270000000000000284e+01 1.208536465677572203e+01
3.279999999999999716e+01 1.211381554807134364e+01
3.289999999999999858e+01 1.214178794713830456e+01
3.300000000000000000e+01 1.216963440482930281e+01
3.310000000000000142e+01 1.219784553516378978e+01
3.320000000000000284e+01 1.222684481090795217e+01
3.329999999999999716e+01 1.225681559276412358e+01
3.339999999999999858e+01 1.228756836694197752e+01
3.350000000000000000e+01 1.231886751217957077e+01
3.360000000000000142e+01 1.235066042207273540e+01
3.370000000000000284e+01 1.238325855264335296e+01
3.379999999999999716e+01 1.241708043610858425e+01
3.389999999999999858e+01 1.245221770668621630e+01
3.400000000000000000e+01 1.248809416447882192e+01
3.410000000000000142e+01 1.252351119968261450e+01
3.420000000000000284e+01 1.255702866619908065e+01
3.429999999999999716e+01 1.258738842378254574e+01
3.439999999999999858e+01 1.261380887233908510e+01
3.450000000000000000e+01 1.263616087429077162e+01
3.460000000000000142e+01 1.265502019097251285e+01
3.470000000000000284e+01 1.267153215926583165e+01
3.479999999999999716e+01 1.268705471383549899e+01
3.489999999999999858e+01 1.270260463891801272e+01
3.500000000000000000e+01 1.271833742625047492e+01
3.510000000000000142e+01 1.273340579957412544e+01
3.520000000000000284e+01 1.274635107922880017e+01
3.529999999999999716e+01 1.275582252160151420e+01
3.539999999999999858e+01 1.276119544051727672e+01
3.550000000000000000e+01 1.276279975411514656e+01
3.560000000000000142e+01 1.276167434351807195e+01
3.570000000000000284e+01 1.275893451764278197e+01
3.579999999999999716e+01 1.275504755162078396e+01
3.589999999999999858e+01 1.274957414129375088e+01
3.600000000000000000e+01 1.274167939486942736e+01
3.610000000000000142e+01 1.273095617024222470e+01
3.620000000000000284e+01 1.271791715259116096e+01
3.629999999999999716e+01 1.270404882601416574e+01
3.639999999999999858e+01 1.269149889410898702e+01
3.650000000000000000e+01 1.268242811197941577e+01
3.660000000000000142e+01 1.267819300285587936e+01
3.670000000000000284e+01 1.267877390743798927e+01
3.679999999999999716e+01 1.268280078351537909e+01
3.689999999999999858e+01 1.268815894989643134e+01
3.700000000000000000e+01 1.269281209949864930e+01
3.710000000000000142e+01 1.269540281176884555e+01
3.720000000000000284e+01 1.269541729139151265e+01
3.729999999999999716e+01 1.269294157159494496e+01
3.739999999999999858e+01 1.268821063929336113e+01
3.750000000000000000e+01 1.268123606206873788e+01
3.760000000000000142e+01 1.267166692865542466e+01
3.770000000000000284e+01 1.265896634537683774e+01
3.779999999999999716e+01 1.264270776938519170e+01
3.789999999999999858e+01 1.262280958340040726e+01
3.800000000000000000e+01 1.259965222567935506e+01
3.810000000000000142e+01 1.257405851539439468e+01
3.820000000000000284e+01 1.254716550669632369e+01
3.829999999999999716e+01 1.252019685436811081e+01
3.839999999999999858e+01 1.249414112310975256e+01
3.850000000000000000e+01 1.246937610903582971e+01
3.860000000000000142e+01 1.244549145400740287e+01
3.870000000000000284e+01 1.242147854181978772e+01
3.879999999999999716e+01 1.239617281646608227e+01
3.889999999999999858e+01 1.236866138545275007e+01
3.900000000000000000e+01 1.233847721058715585e+01
3.910000000000000142e+01 1.230561761805904553e+01
3.920000000000000284e+01 1.227044890195006843e+01
3.929999999999999716e+01 1.223355902009578777e+01
3.939999999999999858e+01 1.219566795557652483e+01
3.950000000000000000e+01 1.215759762606059446e+01
3.960000000000000142e+01 1.212026004512780020e+01
3.970000000000000284e+01 1.208459025371654150e+01
3.979999999999999716e+01 1.205133606833321736e+01
3.989999999999999858e+01 1.202074005954879610e+01
4.000000000000000000e+01 1.199229502552831761e+01
4.010000000000000142e+01 1.196477942567958408e+01
4.020000000000000284e+01 1.193661340186788244e+01
4.029999999999999716e+01 1.190631255431767777e+01
4.039999999999999858e+01 1.187283995995523611e+01
4.050000000000000000e+01 1.183574541937820079e+01
4.060000000000000142e+01 1.179517085186154368e+01
4.070000000000000284e+01 1.175183976884192383e+01
4.079999999999999716e+01 1.170697264954337058e+01
4.089999999999999858e+01 1.166203631652018302e+01
4.100000000000000000e+01 1.161839632604472072e+01
4.110000000000000142e+01 1.157704160290181505e+01
4.120000000000000284e+01 1.153848075112346550e+01
4.129999999999999716e+01 1.150284599888727932e+01
4.139999999999999858e+01 1.147010139911235882e+01
4.150000000000000000e+01 1.144011125290636066e+01
4.160000000000000142e+01 1.141247938859182121e+01
4.170000000000000284e+01 1.138640065432623061e+01
4.179999999999999716e+01 1.136068117419124768e+01
4.189999999999999858e+01 1.133401172172589355e+01
4.200000000000000000e+01 1.130529610383944394e+01
4.210000000000000142e+01 1.127403896360121571e+01
4.220000000000000284e+01 1.124060623148995752e+01
4.229999999999999716e+01 1.120622220710149186e+01
4.239999999999999858e+01 1.117270556839569373e+01
4.250000000000000000e+01 1.114206385900630814e+01
4.260000000000000142e+01 1.111609072526898068e+01
4.270000000000000284e+01 1.109598955001060183e+01
4.279999999999999716e+01 1.108210453075918522e+01
4.289999999999999858e+01 1.107382145029000853e+01
4.300000000000000000e+01 1.106966961774026359e+01
4.310000000000000142e+01 1.106763610039503121e+01
4.320000000000000284e+01 1.106564895659488457e+01
4.329999999999999716e+01 1.106213516224487314e+01
4.339999999999999858e+01 1.105639430338053231e+01
4.350000000000000000e+01 1.104863733943112969e+01
4.360000000000000142e+01 1.103965710824727786e+01
4.370000000000000284e+01 1.103034661113923853e+01
4.379999999999999716e+01 1.102131409659592975e+01
4.389999999999999858e+01 1.101271314861158324e+01
4.400000000000000000e+01 1.100427036761530708e+01
4.410000000000000142e+01 1.099550097582637598e+01
4.420000000000000284e+01 1.098597262954432097e+01
4.429999999999999716e+01 1.097554871446178026e+01
4.439999999999999858e+01 1.096456180929808433e+01
4.450000000000000000e+01 1.095384085618750092e+01
4.460000000000000142e+01 1.094454920948349219e+01
4.470000000000000284e+01 1.093786787588035914e+01
4.479999999999999716e+01 1.093468801998158213e+01
4.489999999999999858e+01 1.093544093752242041e+01
4.500000000000000000e+01 1.094013259803637972e+01
4.510000000000000142e+01 1.094836962892514798e+01
4.520000000000000284e+01 1.095932810365872889e+01
4.529999999999999716e+01 1.097177060415541305e+01
4.539999999999999858e+01 1.098429066930116349e+01
4.550000000000000000e+01 1.099574439112764956e+01
4.560000000000000142e+01 1.100563147682685994e+01
4.570000000000000284e+01 1.101425814480509580e+01
4.579999999999999716e+01 1.102261883551378219e+01
4.589999999999999858e+01 1.103205171691819686e+01
4.600000000000000000e+01 1.104379958002400031e+01
4.610000000000000142e+01 1.105860926088601204e+01
4.620000000000000284e+01 1.107652555645981707e+01
4.629999999999999716e+01 1.109696515232289293e+01
4.639999999999999858e+01 1.111907540149475437e+01
4.650000000000000000e+01 1.114209657228730777e+01
4.660000000000000142e+01 1.116550668393180246e+01
4.670000000000000284e+01 1.118894615800752668e+01
4.679999999999999716e+01 1.121209325738903928e+01
4.689999999999999858e+01 1.123461915670684697e+01
4.700000000000000000e+01 1.125627472071555779e+01
4.710000000000000142e+01 1.127703209840139031e+01
4.720000000000000284e+01 1.129717057242526401e+01
4.729999999999999716e+01 1.131720314584345033e+01
4.739999999999999858e+01 1.133768475688666300e+01
4.750000000000000000e+01 1.135898592114752326e+01
4.760000000000000142e+01 1.138115396627994613e+01
4.770000000000000284e+01 1.140389146723333091e+01
4.779999999999999716e+01 1.142667501221978554e+01
4.789999999999999858e+01 1.144897458447393213e+01
4.800000000000000000e+01 1.147051263428380707e+01
4.810000000000000142e+01 1.149146345355268828e+01
4.820000000000000284e+01 1.151249182565820028e+01
4.829999999999999716e+01 1.153454877109413701e+01
4.839999999999999858e+01 1.155844103714712823e+01
4.850000000000000000e+01 1.158435205141734059e+01
4.860000000000000142e+01 1.161166507729138608e+01
4.870000000000000284e+01 1.163927699924285264e+01
4.879999999999999716e+01 1.166619119100894153e+01
4.889999999999999858e+01 1.169202879392172534e+01
4.900000000000000000e+01 1.171716518324670275e+01
4.910000000000000142e+01 1.174249407100189480e+01
4.920000000000000284e+01 1.176894872779345214e+01
4.929999999999999716e+01 1.179712723523735107e+01
4.939999999999999858e+01 1.182718250273449101e+01
4.950000000000000000e+01 1.185896320679695570e+01
4.960000000000000142e+01 1.189218488501898285e+01
4.970000000000000284e+01 1.192645291807316354e+01
4.979999999999999716e+01 1.196123865074786607e+01
4.989999999999999858e+01 1.199591248085488360e+01
5.000000000000000000e+01 1.202995115945163107e+01
5.010000000000000142e+01 1.206310715243488296e+01
5.020000000000000284e+01 1.209538985457729510e+01
5.029999999999999716e+01 1.212692469157841302e+01
5.039999999999999858e+01 1.215783809107696811e+01
5.050000000000000000e+01 1.218822871139381547e+01
5.060000000000000142e+01 1.221817575842364434e+01
5.070000000000000284e+01 1.224777500886089499e+01
5.079999999999999716e+01 1.227719133082967495e+01
5.089999999999999858e+01 1.230668088756840639e+01
5.100000000000000000e+01 1.233653806287637167e+01
5.110000000000000142e+01 1.236689830730571593e+01
5.120000000000000284e+01 1.239763931996452584e+01
5.129999999999999716e+01 1.242839974887166754e+01
5.139999999999999858e+01 1.245878660289515949e+01
5.150000000000000000e+01 1.248855865971553669e+01
5.160000000000000142e+01 1.251767021693766679e+01
5.170000000000000284e+01 1.254607916470756201e+01
5.179999999999999716e+01 1.257351790681380876e+01
5.189999999999999858e+01 1.259938714096792722e+01
5.200000000000000000e+01 1.262293225185619860e+01
5.210000000000000142e+01 1.264356348143807551e+01
5.220000000000000284e+01 1.266107851340432511e+01
5.229999999999999716e+01 1.267564498462976808e+01
5.239999999999999858e+01 1.268761144366693649e+01
5.250000000000000000e+01 1.269725241324550780e+01
5.260000000000000142e+01 1.270458616660996753e+01
5.270000000000000284e+01 1.270932807342837378e+01
5.279999999999999716e+01 1.271106358583537776e+01
5.289999999999999858e+01 1.270960534503370454e+01
5.300000000000000000e+01 1.270538064074789553e+01
5.310000000000000142e+01 1.269968851815784738e+01
5.320000000000000284e+01 1.269466656257324821e+01
5.329999999999999716e+01 1.269289024408592326e+01
5.339999999999999858e+01 1.269668574610526868e+01
5.350000000000000000e+01 1.270733492729351255e+01
5.360000000000000142e+01 1.272462302952666668e+01
5.370000000000000284e+01 1.274683425523604186e+01
5.379999999999999716e+01 1.277121037522154268e+01
5.389999999999999858e+01 1.279461703269567252e+01
5.400000000000000000e+01 1.281421974985286383e+01
5.410000000000000142e+01 1.282785854360494326e+01
5.420000000000000284e+01 1.283420446453832042e+01
5.429999999999999716e+01 1.283282888457586779e+01
5.439999999999999858e+01 1.282429235678977442e+01
5.450000000000000000e+01 1.281019560337371388e+01
5.460000000000000142e+01 1.279309909628412356e+01
5.470000000000000284e+01 1.277614248777675243e+01
5.479999999999999716e+01 1.276238735756027154e+01
5.489999999999999858e+01 1.275407525535661257e+01
5.500000000000000000e+01 1.275221310644203143e+01
5.510000000000000142e+01 1.275663851675514593e+01
5.520000000000000284e+01 1.276634741863135325e+01
5.529999999999999716e+01 1.277973347621999167e+01
5.539999999999999858e+01 1.279470167594641694e+01
5.550000000000000000e+01 1.280890756622512683e+01
5.560000000000000142e+01 1.282028177056106699e+01
5.570000000000000284e+01 1.282763259611218842e+01
5.579999999999999716e+01 1.283086536750601070e+01
5.589999999999999858e+01 1.283069138440043133e+01
5.600000000000000000e+01 1.282803862607512002e+01
5.610000000000000142e+01 1.282351064531993856e+01
5.620000000000000284e+01 1.281721968500935560e+01
5.629999999999999716e+01 1.280895666863688298e+01
5.639999999999999858e+01 1.279845425888301413e+01
5.650000000000000000e+01 1.278553976877935661e+01
5.660000000000000142e+01 1.277020540030843776e+01
5.670000000000000284e+01 1.275266455041317393e+01
5.679999999999999716e+01 1.273337589036752249e+01
5.689999999999999858e+01 1.271299584001443250e+01
5.700000000000000000e+01 1.269227316725343790e+01
5.710000000000000142e+01 1.267195251890241714e+01
5.720000000000000284e+01 1.265271079183855640e+01
5.729999999999999716e+01 1.263506629657594615e+01
5.739999999999999858e+01 1.261924565513203333e+01
5.750000000000000000e+01 1.260506124760744484e+01
5.760000000000000142e+01 1.259183695122369073e+01
5.770000000000000284e+01 1.257850203376049691e+01
5.779999999999999716e+01 1.256388233090381945e+01
5.789999999999999858e+01 1.254707333545421299e+01
5.800000000000000000e+01 1.252770239472163993e+01
5.810000000000000142e+01 1.250599285389955995e+01
5.820000000000000284e+01 1.248261612792162722e+01
5.829999999999999716e+01 1.245840307494487931e+01
5.839999999999999858e+01 1.243406360170264335e+01
5.850000000000000000e+01 1.241006279307731930e+01
5.860000000000000142e+01 1.238660188673830653e+01
5.870000000000000284e+01 1.236350912680092229e+01
5.879999999999999716e+01 1.234015974957038608e+01
5.889999999999999858e+01 1.231564715143785804e+01
5.900000000000000000e+01 1.228914715506219935e+01
5.910000000000000142e+01 1.226022062273441371e+01
5.920000000000000284e+01 1.222896632759691826e+01
5.929999999999999716e+01 1.219603618338668660e+01
5.939999999999999858e+01 1.216248825806293432e+01
5.950000000000000000e+01 1.212944433234307695e+01
5.960000000000000142e+01 1.209770278180865688e+01
5.970000000000000284e+01 1.206746907760866527e+01
5.979999999999999716e+01 1.203838031379347484e+01
5.989999999999999858e+01 1.200976683961448899e+01
6.000000000000000000e+01 1.198099212929261093e+01
6.010000000000000142e+01 1.195169782909377965e+01
6.020000000000000284e+01 1.192188909669950014e+01
6.029999999999999716e+01 1.189187475821140261e+01
6.039999999999999858e+01 1.186210582304991767e+01
6.050000000000000000e+01 1.183297155307208648e+01
6.060000000000000142e+01 1.180466038318811428e+01
6.070000000000000284e+01 1.177719114715672610e+01
6.079999999999999716e+01 1.175054104832232404e+01
6.089999999999999858e+01 1.172472655792385865e+01
6.100000000000000000e+01 1.169984251637046668e+01
6.110000000000000142e+01 1.167595836546188437e+01
6.120000000000000284e+01 1.165297322162803617e+01
6.129999999999999716e+01 1.163044242420742513e+01
6.139999999999999858e+01 1.160749785310388305e+01
6.150000000000000000e+01 1.158300918360980347e+01
6.160000000000000142e+01 1.155592484632867745e+01
6.170000000000000284e+01 1.152565835572594111e+01
6.179999999999999716e+01 1.149239083064163580e+01
6.189999999999999858e+01 1.145718991094723194e+01
6.200000000000000000e+01 1.142182813771253258e+01
6.210000000000000142e+01 1.138825259981868676e+01
6.220000000000000284e+01 1.135791016351247151e+01
6.229999999999999716e+01 1.133139644107893851e+01
6.239999999999999858e+01 1.130859458253023320e+01
6.250000000000000000e+01 1.128898964641650693e+01
6.260000000000000142e+01 1.127194737954981640e+01
6.270000000000000284e+01 1.125686243744469017e+01
6.279999999999999716e+01 1.124319170798497147e+01
6.289999999999999858e+01 1.123039936075682022e+01
6.300000000000000000e+01 1.121789714387137415e+01
6.310000000000000142e+01 1.120512244833412119e+01
6.320000000000000284e+01 1.119173778487453674e+01
6.329999999999999716e+01 1.117775936805123216e+01
6.339999999999999858e+01 1.116348969919196854e+01
6.350000000000000000e+01 1.114936794056594138e+01
6.360000000000000142e+01 1.113581669499656357e+01
6.370000000000000284e+01 1.112320940953505399e+01
6.379999999999999716e+01 1.111191703717006440e+01
6.389999999999999858e+01 1.110238546401454052e+01
6.400000000000000000e+01 1.109511827419655638e+01
6.409999999999999432e+01 1.109048693358711013e+01
6.420000000000000284e+01 1.108843089166548879e+01
6.429999999999999716e+01 1.108827476178156068e+01
6.440000000000000568e+01 1.108887435580314396e+01
6.450000000000000000e+01 1.108900929521786516e+01
6.459999999999999432e+01 1.108774513444084597e+01
6.470000000000000284e+01 1.108455009078204156e+01
6.479999999999999716e+01 1.107926215767591316e+01
6.490000000000000568e+01 1.107203136157771617e+01
6.500000000000000000e+01 1.106337407045779919e+01
6.509999999999999432e+01 1.105419300634635427e+01
6.520000000000000284e+01 1.104565827868045247e+01
6.529999999999999716e+01 1.103895765556594455e+01
6.540000000000000568e+01 1.103492472861476337e+01
6.550000000000000000e+01 1.103379252823597945e+01
6.559999999999999432e+01 1.103519120059121583e+01
6.570000000000000284e+01 1.103843177310652912e+01
6.579999999999999716e+01 1.104279897979414571e+01
6.590000000000000568e+01 1.104773629107635102e+01
6.600000000000000000e+01 1.105280525121194124e+01
6.609999999999999432e+01 1.105763177144767262e+01
6.620000000000000284e+01 1.106187814549062587e+01
6.629999999999999716e+01 1.106531379651702629e+01
6.640000000000000568e+01 1.106789966945881432e+01
6.650000000000000000e+01 1.106986868840160554e+01
6.659999999999999432e+01 1.107181308515800922e+01
6.670000000000000284e+01 1.107468372521990929e+01
6.679999999999999716e+01 1.107961260938600212e+01
6.690000000000000568e+01 1.108756999874030846e+01
6.700000000000000000e+01 1.109901527813010880e+01
6.709999999999999432e+01 1.111376907884304011e+01
6.720000000000000284e+01 1.113116164393710861e+01
6.729999999999999716e+01 1.115031990027367392e+01
6.740000000000000568e+01 1.117043436844733506e+01
6.750000000000000000e+01 1.119094513370007604e+01
6.759999999999999432e+01 1.121167051896730982e+01
6.770000000000000284e+01 1.123278200873953381e+01
6.779999999999999716e+01 1.125462671038268780e+01
6.790000000000000568e+01 1.127747546701285408e+01
6.800000000000000000e+01 1.130131767963115941e+01
6.809999999999999432e+01 1.132576393451648400e+01
6.820000000000000284e+01 1.135015945288854056e+01
6.829999999999999716e+01 1.137378619568554328e+01
6.840000000000000568e+01 1.139608338085696637e+01
6.850000000000000000e+01 1.141661711055732908e+01
6.859999999999999432e+01 1.143491162399197769e+01
6.870000000000000284e+01 1.145029045415934021e+01
6.879999999999999716e+01 1.146202911540328628e+01
6.890000000000000568e+01 1.146981786037796702e+01
6.900000000000000000e+01 1.147433350584791967e+01
6.909999999999999432e+01 1.147754073299799238e+01
6.920000000000000284e+01 1.148236311986072167e+01
6.929999999999999716e+01 1.149173604296705165e+01
6.940000000000000568e+01 1.150742726625781742e+01
6.950000000000000000e+01 1.152922133357719758e+01
6.959999999999999432e+01 1.155491723905608303e+01
6.970000000000000284e+01 1.158127870666784531e+01
6.979999999999999716e+01 1.160560784845863047e+01
6.990000000000000568e+01 1.162710774119854307e+01
7.000000000000000000e+01 1.164725249615691460e+01
7.009999999999999432e+01 1.166884202934280346e+01
7.020000000000000284e+01 1.169416414550312489e+01
7.029999999999999716e+01 1.172343896732612478e+01
7.040000000000000568e+01 1.175476551236448586e+01
7.050000000000000000e+01 1.178554465583559896e+01
7.059999999999999432e+01 1.181405840468984714e+01
7.070000000000000284e+01 1.184011262493281968e+01
7.079999999999999716e+01 1.186479158930594657e+01
7.090000000000000568e+01 1.188977525594127904e+01
7.100000000000000000e+01 1.191652499841817203e+01
7.109999999999999432e+01 1.194560522190138130e+01
7.120000000000000284e+01 1.197649716409309306e+01
7.129999999999999716e+01 1.200798982112793389e+01
7.140000000000000568e+01 1.203887897697062037e+01
7.150000000000000000e+01 1.206847255727412360e+01
7.159999999999999432e+01 1.209676310652359632e+01
7.170000000000000284e+01 1.212427518636249957e+01
7.179999999999999716e+01 1.215172257532906031e+01
7.190000000000000568e+01 1.217958561191899491e+01
7.200000000000000000e+01 1.220780817832202381e+01
7.209999999999999432e+01 1.223581914574523566e+01
7.220000000000000284e+01 1.226281747033612390e+01
7.229999999999999716e+01 1.228824860409945252e+01
7.240000000000000568e+01 1.231211634944114230e+01
7.250000000000000000e+01 1.233499574394624787e+01
7.259999999999999432e+01 1.235769832341785346e+01
7.270000000000000284e+01 1.238068508814737356e+01
7.279999999999999716e+01 1.240357041512182867e+01
7.290000000000000568e+01 1.242508989669536135e+01
7.300000000000000000e+01 1.244353435619881409e+01
7.309999999999999432e+01 1.245741604848527118e+01
7.320000000000000284e+01 1.246602509357579613e+01
7.329999999999999716e+01 1.246974218924489719e+01
7.340000000000000568e+01 1.247003974328728049e+01
7.350000000000000000e+01 1.246915049292427469e+01
7.359999999999999432e+01 1.246945930148373627e+01
7.370000000000000284e+01 1.247267980560887857e+01
7.379999999999999716e+01 1.247920881210261790e+01
7.390000000000000568e+01 1.248807101857309299e+01
7.400000000000000000e+01 1.249760276826617478e+01
7.409999999999999432e+01 1.250642107943312809e+01
7.420000000000000284e+01 1.251401051307756873e+01
7.429999999999999716e+01 1.252080357440928182e+01
7.440000000000000568e+01 1.252790703275068296e+01
7.450000000000000000e+01 1.253672362374537563e+01
7.459999999999999432e+01 1.254852045181509368e+01
7.470000000000000284e+01 1.256397884779403284e+01
7.479999999999999716e+01 1.258287425771800550e+01
7.490000000000000568e+01 1.260412416006640335e+01
7.500000000000000000e+01 1.262615511352112030e+01
7.509999999999999432e+01 1.264731970780371206e+01
7.520000000000000284e+01 1.266618091181151051e+01
7.529999999999999716e+01 1.268165761100636502e+01
7.540000000000000568e+01 1.269305076040231839e+01
7.550000000000000000e+01 1.270007766011394601e+01
7.559999999999999432e+01 1.270302215754426456e+01
7.570000000000000284e+01 1.270286290602058266e+01
7.579999999999999716e+01 1.270111056656842763e+01
7.590000000000000568e+01 1.269941891574513093e+01
7.600000000000000000e+01 1.269929177795064312e+01
7.609999999999999432e+01 1.270200994612984680e+01
7.620000000000000284e+01 1.270853002855605496e+01
7.629999999999999716e+01 1.271914399029930998e+01
7.640000000000000568e+01 1.273309658927733423e+01
7.650000000000000000e+01 1.274862779034736171e+01
7.659999999999999432e+01 1.276350910914015735e+01
7.670000000000000284e+01 1.277562521438088261e+01
7.679999999999999716e+01 1.278329596366609344e+01
7.690000000000000568e+01 1.278540437297562526e+01
7.700000000000000000e+01 1.278149835121373457e+01
7.709999999999999432e+01 1.277195710912173254e+01
7.720000000000000284e+01 1.275818462074340509e+01
7.729999999999999716e+01 1.274256002913104702e+01
7.740000000000000568e+01 1.272796074811659572e+01
7.750000000000000000e+01 1.271705187006474880e+01
7.759999999999999432e+01 1.271164586290193377e+01
7.770000000000000284e+01 1.271229755666257155e+01
7.779999999999999716e+01 1.271818579341392130e+01
7.790000000000000568e+01 1.272744557083979977e+01
7.800000000000000000e+01 1.273779289425406702e+01
7.809999999999999432e+01 1.274715560154946914e+01
7.820000000000000284e+01 1.275402198113972396e+01
7.829999999999999716e+01 1.275745671022066396e+01
7.840000000000000568e+01 1.275693961920671171e+01
7.850000000000000000e+01 1.275218475436055776e+01
7.859999999999999432e+01 1.274302899269377853e+01
7.870000000000000284e+01 1.272940053681736394e+01
7.879999999999999716e+01 1.271135341435170929e+01
7.890000000000000568e+01 1.268918017204733673e+01
7.900000000000000000e+01 1.266353104770963789e+01
7.909999999999999432e+01 1.263550999669234187e+01
7.920000000000000284e+01 1.260666979945367139e+01
7.929999999999999716e+01 1.257884074690739951e+01
7.940000000000000568e+01 1.255377540250231050e+01
7.950000000000000000e+01 1.253268673091977092e+01
7.959999999999999432e+01 1.251587250278472929e+01
7.970000000000000284e+01 1.250261811172460291e+01
7.979999999999999716e+01 1.249150507958287548e+01
7.990000000000000568e+01 1.248099229331972104e+01
8.000000000000000000e+01 1.246995807777825149e+01
