0.0 1.0 4 0.0 1.0 8.885446575003545e-30 -0.0
0.1 1.0 4 0.0 1.0 0.02815319833549116 0.00999858120968824
0.2 1.0 4 0.0 1.0 0.0857138817367236 0.03990992514144425
0.30000000000000004 1.0 4 0.0 1.0 0.1577341131085714 0.08899071312760093
0.4 1.0 4 0.0 1.0 0.23496111410180695 0.15449957029355424
0.5 1.0 4 0.0 1.0 0.30948188510607205 0.23012647500545144
0.6000000000000001 1.0 4 0.0 1.0 0.37560254517895786 0.30584745499365107
0.7000000000000001 1.0 4 0.0 0.9999999999999998 0.4316154091887288 0.37151791631528297
0.8 1.0 4 0.0 1.0 0.480065922462045 0.42343538872801606
0.9 1.0 4 0.0 1.0 0.5253268937388721 0.4671191551126068
1.0 1.0 4 0.0 1.0000000000000004 0.569861977924172 0.5118244971946391
1.1 1.0 4 0.0 1.0000000000000004 0.612292504725653 0.5622593882501068
1.2000000000000002 1.0 4 0.0 1.0000000000000004 0.6485961435990975 0.6145807756068195
1.3 1.0 4 0.0 1.0000000000000004 0.6746564414101118 0.658424950387283
1.4000000000000001 1.0 4 0.0 1.0000000000000004 0.6879366426844865 0.6829857557744539
1.5 1.0 4 0.0 1.0000000000000004 0.6877781063503755 0.6825068131315807
1.6 1.0 4 0.0 1.0000000000000004 0.6750324415129225 0.6577843297005035
1.7000000000000002 1.0 4 0.0 1.0000000000000004 0.651704183259646 0.6153741450699556
1.8 1.0 4 0.0 1.0000000000000004 0.6207699242357168 0.5658769373708707
1.9000000000000001 1.0 4 0.0 1.0000000000000004 0.5858418372184183 0.5198949773371881
2.0 1.0 4 0.0 1.0000000000000004 0.5501108184957478 0.48277640999380017
2.1 1.0 4 0.0 1.0000000000000004 0.5146597000559711 0.4515395816355086
2.2 1.0 4 0.0 1.0000000000000004 0.47757596636520866 0.4164164387561981
2.3000000000000003 1.0 4 0.0 1.0000000000000009 0.4352327252127262 0.36762390604590844
2.4000000000000004 1.0 4 0.0 1.0000000000000009 0.38490100824715834 0.3032575209154405
2.5 1.0 4 0.0 1.0000000000000004 0.32639782282169405 0.23060869362213415
2.6 1.0 4 0.0 1.0 0.2618214223162878 0.1603742872721744
2.7 1.0 4 0.0 1.0 0.19477247884608728 0.10110550407241566
2.8000000000000003 1.0 4 0.0 0.9999999999999998 0.1308904844503469 0.05779007534908763
2.9000000000000004 1.0 4 0.0 1.0 0.08025333455248991 0.03298408360317545
3.0 1.0 4 0.0 0.9999999999999996 0.0665996528191928 0.028229691061698505
3.1 1.0 4 0.0 0.9999999999999993 0.10613460529171334 0.044724049296156095
3.2 1.0 4 0.0 0.9999999999999996 0.17038689486470698 0.08300879627736973
3.3000000000000003 1.0 4 0.0 0.9999999999999996 0.24523791450229648 0.1417537472385094
3.4000000000000004 1.0 4 0.0 0.9999999999999998 0.3198135836293063 0.21600294753350435
3.5 1.0 4 0.0 0.9999999999999998 0.38492073223249273 0.2960907619570725
3.6 1.0 4 0.0 0.9999999999999996 0.4362290512627882 0.369716576950955
3.7 1.0 4 0.0 0.9999999999999996 0.47888822420887833 0.42848086807047203
3.8000000000000003 1.0 4 0.0 0.9999999999999996 0.5180192348729618 0.4736498505624522
3.9000000000000004 1.0 4 0.0 0.9999999999999996 0.5569825452833843 0.5133399268868404
4.0 1.0 4 0.0 0.9999999999999996 0.5948824808641096 0.553587497714031
4.1000000000000005 1.0 4 0.0 0.9999999999999996 0.6274228088429086 0.5926470331566317
4.2 1.0 4 0.0 0.9999999999999998 0.6500764926105416 0.6226454287177258
4.3 1.0 4 0.0 0.9999999999999998 0.6605028977473238 0.636120151672016
4.4 1.0 4 0.0 0.9999999999999998 0.6591005393268115 0.6310972640554822
4.5 1.0 4 0.0 0.9999999999999998 0.6483229144712627 0.6106839272333734
4.6000000000000005 1.0 4 0.0 1.0 0.6316631023121588 0.5805238889038834
4.7 1.0 4 0.0 1.0 0.6127551442492727 0.5478337152002356
4.800000000000001 1.0 4 0.0 1.0 0.594649945605841 0.5203266492594664
4.9 1.0 4 0.0 0.9999999999999996 0.5790942432086914 0.5030648004438881
5.0 1.0 4 0.0 0.9999999999999998 0.5657173732309055 0.4947535653137148
5.1000000000000005 1.0 4 0.0 0.9999999999999998 0.5516951968418972 0.48639335108348886
5.2 1.0 4 0.0 1.0 0.5326514839918515 0.4649518290242623
5.300000000000001 1.0 4 0.0 1.0 0.504419829704615 0.42193965676448664
5.4 1.0 4 0.0 1.0000000000000004 0.46448284215781005 0.35984763706175893
5.5 1.0 4 0.0 1.0000000000000004 0.4126031044928243 0.28943504264104647
5.6000000000000005 1.0 4 0.0 1.0 0.3510868113189056 0.22232859369524552
5.7 1.0 4 0.0 1.0000000000000004 0.2852342887282291 0.16687132263949217
5.800000000000001 1.0 4 0.0 1.0000000000000004 0.22440492952795388 0.12813298195997241
5.9 1.0 4 0.0 1.0000000000000009 0.18505325101664574 0.10931384787750331
6.0 1.0 4 0.0 1.0000000000000004 0.19241336516989524 0.11271365053109043
6.1000000000000005 1.0 4 0.0 1.0000000000000004 0.2403684787197013 0.13972722912398566
6.2 1.0 4 0.0 1.0000000000000004 0.3054845509284761 0.18982776388329883
6.300000000000001 1.0 4 0.0 1.0000000000000004 0.37318465340986734 0.25873973030446223
6.4 1.0 4 0.0 1.0000000000000009 0.4325750006790707 0.3367462261964528
6.5 1.0 4 0.0 1.0000000000000009 0.4766737597870441 0.40972569842705336
6.6000000000000005 1.0 4 0.0 1.0000000000000004 0.5048948238340185 0.4656411584737494
6.7 1.0 4 0.0 1.0000000000000004 0.5266975757052125 0.5025686547129385
6.800000000000001 1.0 4 0.0 1.0000000000000004 0.5497290812834463 0.5280183043754709
6.9 1.0 4 0.0 1.0000000000000009 0.5736114907628022 0.5494094621183297
7.0 1.0 4 0.0 1.0000000000000004 0.5945896828808639 0.5670858121694576
7.1000000000000005 1.0 4 0.0 1.0000000000000004 0.6080744868704558 0.5759822147671013
7.2 1.0 4 0.0 1.0 0.6117627212158828 0.5724672777410571
7.300000000000001 1.0 4 0.0 1.0 0.606725109077363 0.5585869333633612
7.4 1.0 4 0.0 1.0000000000000004 0.596717449652602 0.5400251982419447
7.5 1.0 4 0.0 1.0 0.5867082573647872 0.5222718972261952
7.6000000000000005 1.0 4 0.0 1.0000000000000004 0.5812192326689042 0.5096435437372895
7.7 1.0 4 0.0 1.0000000000000004 0.582826023488869 0.5060591680634101
7.800000000000001 1.0 4 0.0 1.0 0.5913430442422738 0.5144482247191471
7.9 1.0 4 0.0 1.0 0.6038940408333805 0.5340519108027046
8.0 1.0 4 0.0 1.0000000000000004 0.6155511913091176 0.5574559007791842
8.1 1.0 4 0.0 1.0 0.6204477681018665 0.5705707850189506
8.200000000000001 1.0 4 0.0 1.0 0.6132445098403823 0.5588353508826347
8.3 1.0 4 0.0 1.0 0.5904423370348573 0.517333824235784
8.4 1.0 4 0.0 1.0 0.5511792534708191 0.45429256624501724
8.5 1.0 4 0.0 1.0 0.49759113707780167 0.38411919070871847
8.6 1.0 4 0.0 1.0000000000000004 0.4350315386501562 0.31945516223701964
8.700000000000001 1.0 4 0.0 1.0000000000000004 0.37249313191529054 0.26864447359721993
8.8 1.0 4 0.0 1.0000000000000004 0.32358178140618843 0.23671529816968653
8.9 1.0 4 0.0 1.0000000000000004 0.3057085458456299 0.22680039536739638
9.0 1.0 4 0.0 1.0000000000000004 0.32605334985574297 0.24067203573060406
9.1 1.0 4 0.0 1.0000000000000009 0.37242887789471724 0.2780791102644983
9.200000000000001 1.0 4 0.0 1.0000000000000009 0.42630944422750283 0.33500820864139763
9.3 1.0 4 0.0 1.0000000000000004 0.4751542855376516 0.4018001079126721
9.4 1.0 4 0.0 1.0000000000000009 0.51111485740538 0.4638416060138047
9.5 1.0 4 0.0 1.0000000000000009 0.5317618956893961 0.5080587084650964
9.600000000000001 1.0 4 0.0 1.0000000000000004 0.5408134897722499 0.5316989517363017
9.700000000000001 1.0 4 0.0 1.0000000000000004 0.5474494478452726 0.5422660508371697
9.8 1.0 4 0.0 1.0000000000000004 0.555460339246449 0.5476365989143706
9.9 1.0 4 0.0 1.0000000000000004 0.5622915451340799 0.5486391307622865
10.0 1.0 4 0.0 1.0 0.5639041055455334 0.5409994053452615
10.100000000000001 1.0 4 0.0 1.0000000000000004 0.5580057325771167 0.5227318268582638
10.200000000000001 1.0 4 0.0 1.0000000000000004 0.5459225434544321 0.4983285815822716
10.3 1.0 4 0.0 1.0 0.5323212714014248 0.47590576563245923
10.4 1.0 4 0.0 1.0 0.5236851582692622 0.4623204408463219
10.5 1.0 4 0.0 1.0000000000000004 0.5261061764993078 0.4614334746439419
10.600000000000001 1.0 4 0.0 1.0000000000000004 0.5425976227439305 0.4750962297922198
10.700000000000001 1.0 4 0.0 1.0 0.5713474533993588 0.5040125809967195
10.8 1.0 4 0.0 1.0 0.6065984580317128 0.5467502725542847
10.9 1.0 4 0.0 1.0000000000000004 0.6408894897843427 0.5971634351515004
11.0 1.0 4 0.0 1.0 0.6668253475479724 0.6422852395835635
11.100000000000001 1.0 4 0.0 1.0 0.6783352674020636 0.664604290755804
11.200000000000001 1.0 4 0.0 1.0 0.6716443788037898 0.651492382821359
11.3 1.0 4 0.0 1.0 0.6458858467152276 0.60488795483721
11.4 1.0 4 0.0 1.0000000000000004 0.6033318832903868 0.5392827429385493
11.5 1.0 4 0.0 1.0000000000000004 0.5493531557415049 0.4712910881822206
11.600000000000001 1.0 4 0.0 1.0000000000000004 0.49227869202389485 0.41291653245462795
11.700000000000001 1.0 4 0.0 1.0000000000000004 0.44316746280494607 0.37100860805870056
11.8 1.0 4 0.0 1.0000000000000004 0.4141164572324791 0.3490817256378785
11.9 1.0 4 0.0 1.0000000000000004 0.41183743308704673 0.34871848778950937
12.0 1.0 4 0.0 1.0000000000000004 0.43205993920807084 0.369586708169086
12.100000000000001 1.0 4 0.0 1.0000000000000004 0.4642574986242677 0.40809575111491964
12.200000000000001 1.0 4 0.0 1.0000000000000004 0.4978124674390706 0.4557830486036675
12.3 1.0 4 0.0 1.0000000000000009 0.524368279664659 0.5000839756431362
12.4 1.0 4 0.0 1.0000000000000009 0.5401840512464042 0.5300765337474452
12.5 1.0 4 0.0 1.0000000000000009 0.5467493982966415 0.5437377931057864
12.600000000000001 1.0 4 0.0 1.0000000000000009 0.5483721975086439 0.5474142814296985
12.700000000000001 1.0 4 0.0 1.0000000000000013 0.5483083033303169 0.54694606555658
12.8 1.0 4 0.0 1.0000000000000013 0.5457369720815186 0.540992706051378
12.9 1.0 4 0.0 1.0000000000000018 0.5372439422466981 0.5234574503492503
13.0 1.0 4 0.0 1.0000000000000018 0.5204502036860909 0.49202771128620515
13.100000000000001 1.0 4 0.0 1.0000000000000018 0.4967017604619491 0.45308502723829286
13.200000000000001 1.0 4 0.0 1.0000000000000018 0.471503007477649 0.4178164338172934
13.3 1.0 4 0.0 1.0000000000000013 0.45332053136564443 0.3956909577754243
13.4 1.0 4 0.0 1.0000000000000013 0.45132225379093804 0.39179501038511855
13.5 1.0 4 0.0 1.0000000000000013 0.47127199858821545 0.40768178911218866
13.600000000000001 1.0 4 0.0 1.0000000000000013 0.5109791972417848 0.44284674697409704
13.700000000000001 1.0 4 0.0 1.0000000000000013 0.5615323582807272 0.4950011798083162
13.8 1.0 4 0.0 1.0000000000000013 0.6125494535265914 0.558730277828474
13.9 1.0 4 0.0 1.0000000000000013 0.6550903627174287 0.6233339007262422
14.0 1.0 4 0.0 1.0000000000000013 0.682565452420687 0.6723937617938152
14.100000000000001 1.0 4 0.0 1.0000000000000018 0.6911946271269757 0.6892614223216341
14.200000000000001 1.0 4 0.0 1.0000000000000013 0.6802929605158985 0.6680857763439697
14.3 1.0 4 0.0 1.0000000000000013 0.652288431817307 0.6188639891733995
14.4 1.0 4 0.0 1.0000000000000013 0.6124066521505673 0.559390255353384
14.5 1.0 4 0.0 1.0000000000000018 0.5680429387971898 0.5046716914346006
14.600000000000001 1.0 4 0.0 1.0000000000000018 0.5278520324632467 0.46318455809206127
14.700000000000001 1.0 4 0.0 1.0000000000000013 0.5001502625704379 0.43831037847311455
14.8 1.0 4 0.0 1.0000000000000013 0.4898592048649275 0.43077156222255353
14.9 1.0 4 0.0 1.0000000000000013 0.49576268240332116 0.43981265623772076
15.0 1.0 4 0.0 1.0000000000000009 0.5116571480075608 0.46258555812728946
15.100000000000001 1.0 4 0.0 1.0000000000000013 0.5298676508828879 0.4927853213635826
15.200000000000001 1.0 4 0.0 1.0000000000000013 0.5440636811887437 0.5210897737975029
15.3 1.0 4 0.0 1.0000000000000013 0.5510703214297366 0.5394777339062109
15.4 1.0 4 0.0 1.0000000000000013 0.551605037929429 0.5465536091601515
15.5 1.0 4 0.0 1.0000000000000013 0.5490785370381902 0.5468368274944687
15.600000000000001 1.0 4 0.0 1.0000000000000009 0.5464442896589681 0.5433725814302857
15.700000000000001 1.0 4 0.0 1.0000000000000013 0.542252294495503 0.5319462948234858
15.8 1.0 4 0.0 1.0000000000000013 0.52975417350485 0.504037489437775
15.9 1.0 4 0.0 1.0000000000000013 0.5043079914026136 0.4567990344890266
16.0 1.0 4 0.0 1.0000000000000013 0.46616694013129095 0.39868674559973044
16.1 1.0 4 0.0 1.0000000000000013 0.4210724735719047 0.3440121740037431
16.2 1.0 4 0.0 1.0000000000000013 0.3802470118852499 0.3046313733060802
16.3 1.0 4 0.0 1.0000000000000009 0.3589363920919424 0.28679385598556495
16.400000000000002 1.0 4 0.0 1.0000000000000009 0.36828834995227183 0.29220271117693336
16.5 1.0 4 0.0 1.0000000000000009 0.4082184782403345 0.3199142354530012
16.6 1.0 4 0.0 1.0000000000000004 0.4657943006479953 0.36734497767441515
16.7 1.0 4 0.0 1.0000000000000009 0.5270460855891697 0.4299540040877063
16.8 1.0 4 0.0 1.0000000000000009 0.5815639184753627 0.4998175691864713
16.900000000000002 1.0 4 0.0 1.0000000000000009 0.6224344473480343 0.5642480141778305
17.0 1.0 4 0.0 1.0000000000000004 0.645986461714254 0.6074501611907545
17.1 1.0 4 0.0 1.0000000000000004 0.6516998309740633 0.6181831540771365
17.2 1.0 4 0.0 1.0000000000000004 0.6420200673695107 0.5985901287267398
17.3 1.0 4 0.0 1.0000000000000004 0.6218370714348938 0.5629374874106416
17.400000000000002 1.0 4 0.0 1.0000000000000004 0.5975010662345379 0.527259174979577
17.5 1.0 4 0.0 1.0000000000000004 0.5755069401771534 0.5016672910636452
17.6 1.0 4 0.0 1.0000000000000004 0.5611194992253078 0.48947770102029514
17.7 1.0 4 0.0 1.0000000000000004 0.5570103610986292 0.4898514132209075
17.8 1.0 4 0.0 1.0000000000000004 0.5622561917965407 0.5004385592457008
17.900000000000002 1.0 4 0.0 1.0 0.5726937744794978 0.5181129650956013
18.0 1.0 4 0.0 1.0 0.5826519945097547 0.5379862113300686
18.1 1.0 4 0.0 1.0 0.5870060477210252 0.5532606014356024
18.2 1.0 4 0.0 1.0 0.5829659471894145 0.5583749029989694
18.3 1.0 4 0.0 1.0 0.5712147698428846 0.5531797879863996
18.400000000000002 1.0 4 0.0 1.0 0.555507155855674 0.5420487371860276
18.5 1.0 4 0.0 1.0 0.5400574896778906 0.5272464972131511
18.6 1.0 4 0.0 1.0000000000000004 0.5265433867172779 0.5037770047662132
18.7 1.0 4 0.0 1.0000000000000004 0.508540162137985 0.4625692265619761
18.8 1.0 4 0.0 1.0000000000000004 0.4759503327985334 0.4006848025833751
18.900000000000002 1.0 4 0.0 1.0000000000000009 0.42716299359935445 0.327038685354653
19.0 1.0 4 0.0 1.0000000000000009 0.36720142874503003 0.25664048628623376
19.1 1.0 4 0.0 1.0000000000000004 0.30589189020955926 0.20193463639538706
19.200000000000003 1.0 4 0.0 1.0000000000000004 0.25718027194410986 0.1695292784277074
19.3 1.0 4 0.0 1.0000000000000004 0.24202093745976552 0.16126960083682534
19.400000000000002 1.0 4 0.0 1.0000000000000004 0.2716805790224576 0.17626688479172742
19.5 1.0 4 0.0 1.0000000000000004 0.3284684000778788 0.21225858302862438
19.6 1.0 4 0.0 1.0000000000000004 0.3937433283378271 0.26590487847017663
19.700000000000003 1.0 4 0.0 1.0000000000000004 0.4559423666761526 0.3320247149354014
19.8 1.0 4 0.0 1.0000000000000004 0.5080696119605518 0.40217697612299946
19.900000000000002 1.0 4 0.0 1.0000000000000004 0.5465471217263898 0.46416844965274445
20.0 1.0 4 0.0 1.0000000000000009 0.570747501855414 0.5055009458350502
20.1 1.0 4 0.0 1.0000000000000009 0.582693948363129 0.5212005136657788
20.200000000000003 1.0 4 0.0 1.0000000000000009 0.586529654841042 0.5184792289172042
20.3 1.0 4 0.0 1.0000000000000009 0.5873939426797147 0.5113772701014334
20.400000000000002 1.0 4 0.0 1.0000000000000009 0.5898115109973445 0.5113851196052287
20.5 1.0 4 0.0 1.0000000000000009 0.5963621428420502 0.522721285314377
20.6 1.0 4 0.0 1.0000000000000009 0.6072438920474336 0.5431236685446137
20.700000000000003 1.0 4 0.0 1.0000000000000009 0.6205067320716168 0.5671585683710725
20.8 1.0 4 0.0 1.0000000000000009 0.6326040473932834 0.5890535397030281
20.900000000000002 1.0 4 0.0 1.0000000000000009 0.6392784127803846 0.603357201014893
21.0 1.0 4 0.0 1.0000000000000009 0.6367434084646342 0.604931321731782
21.1 1.0 4 0.0 1.0000000000000009 0.622988796175519 0.5912482131255232
21.200000000000003 1.0 4 0.0 1.0000000000000009 0.5988637489712494 0.5653939904451817
21.3 1.0 4 0.0 1.0000000000000009 0.5681353060626989 0.5342509607839206
21.400000000000002 1.0 4 0.0 1.0000000000000009 0.5356192268518448 0.5018570430129055
21.5 1.0 4 0.0 1.0000000000000009 0.5038018646516719 0.46466928159743004
21.6 1.0 4 0.0 1.0000000000000009 0.4710939062130032 0.41425793238353753
21.700000000000003 1.0 4 0.0 1.0000000000000009 0.4303845623013329 0.3463893495069364
21.8 1.0 4 0.0 1.0000000000000009 0.3740852139547179 0.2672680776742048
21.900000000000002 1.0 4 0.0 1.0000000000000009 0.30513541003000083 0.18980929548274278
22.0 1.0 4 0.0 1.0000000000000004 0.23208116952404956 0.12582738374354094
22.1 1.0 4 0.0 1.0000000000000004 0.16616957399454493 0.08219455755032029
22.200000000000003 1.0 4 0.0 1.0000000000000004 0.12198520600976645 0.061275241832988075
22.3 1.0 4 0.0 1.0000000000000009 0.1261421731882696 0.06275824480356695
22.400000000000002 1.0 4 0.0 1.0000000000000013 0.17322404025431062 0.08516554056101645
22.5 1.0 4 0.0 1.0000000000000009 0.2361186680894245 0.12649840226122178
22.6 1.0 4 0.0 1.0000000000000009 0.3020205411050447 0.18389600846173468
22.700000000000003 1.0 4 0.0 1.0000000000000004 0.363852271548753 0.2524162508982371
22.8 1.0 4 0.0 1.0000000000000009 0.4177624194828931 0.3237160531136709
22.900000000000002 1.0 4 0.0 1.0000000000000004 0.46213599597043736 0.3867281260211443
23.0 1.0 4 0.0 1.0000000000000009 0.4974226615550526 0.4325892084820914
23.1 1.0 4 0.0 1.0000000000000009 0.5261903498813856 0.4613058884440694
23.200000000000003 1.0 4 0.0 1.0000000000000004 0.5522884785032558 0.482294090872266
23.3 1.0 4 0.0 1.0000000000000009 0.5788617280781874 0.5070409405374733
23.400000000000002 1.0 4 0.0 1.0000000000000004 0.6066205809003711 0.5414709178352339
23.5 1.0 4 0.0 1.0000000000000004 0.6337662686207894 0.5833723209917171
23.6 1.0 4 0.0 1.0 0.6571569567935345 0.6245093133089458
23.700000000000003 1.0 4 0.0 1.0000000000000004 0.6734131302622808 0.655034126738297
23.8 1.0 4 0.0 1.0 0.6795172943978272 0.667181874399581
23.900000000000002 1.0 4 0.0 1.0000000000000004 0.6732612599414444 0.656950888026607
24.0 1.0 4 0.0 1.0 0.6538527622862587 0.6256018105975485
24.1 1.0 4 0.0 0.9999999999999998 0.6226003930658776 0.5805887258678543
24.200000000000003 1.0 4 0.0 1.0 0.5830862050910349 0.5322296769480912
24.3 1.0 4 0.0 1.0 0.5399414231481546 0.4870326063025856
24.400000000000002 1.0 4 0.0 1.0 0.49613067541902545 0.44329904528643976
24.5 1.0 4 0.0 1.0 0.45060124413296354 0.3928872582691169
24.6 1.0 4 0.0 1.0000000000000004 0.3989573182763375 0.3288659476039957
24.700000000000003 1.0 4 0.0 1.0 0.3373138913238399 0.25287907106289104
24.8 1.0 4 0.0 1.0000000000000004 0.2653526849291245 0.17459101904341315
24.900000000000002 1.0 4 0.0 1.0000000000000004 0.1877184109654431 0.10509259982278885
25.0 1.0 4 0.0 1.0000000000000004 0.11346983508435722 0.05200645312014539
25.1 1.0 4 0.0 1.0000000000000004 0.052720980651144785 0.018805362915186134
25.200000000000003 1.0 4 0.0 1.0000000000000004 0.019352011781930387 0.006260306497858547
25.3 1.0 4 0.0 1.0000000000000004 0.04167947210693395 0.014010785120273211
25.400000000000002 1.0 4 0.0 1.0000000000000009 0.09516021838458036 0.04141584678191111
25.5 1.0 4 0.0 1.0000000000000004 0.16172318822254547 0.08744539147113045
25.6 1.0 4 0.0 1.0000000000000009 0.2334089758506889 0.14963370020268968
25.700000000000003 1.0 4 0.0 1.0000000000000009 0.3041707730078503 0.22251929400381004
25.8 1.0 4 0.0 1.0000000000000009 0.3687748747832712 0.2969276028379439
25.900000000000002 1.0 4 0.0 1.0000000000000009 0.42444716547557704 0.3624510978304167
26.0 1.0 4 0.0 1.0000000000000009 0.47213329114550906 0.41363728277003586
26.1 1.0 4 0.0 1.0000000000000009 0.5154836790175698 0.4544106149312852
26.200000000000003 1.0 4 0.0 1.0000000000000009 0.5577986549778938 0.494547795479482
26.3 1.0 4 0.0 1.0000000000000013 0.5993493800071753 0.5413822200767344
26.400000000000002 1.0 4 0.0 1.0000000000000013 0.6372789292600711 0.5942661516721223
26.5 1.0 4 0.0 1.0000000000000013 0.6675488954811457 0.6446338440040619
26.6 1.0 4 0.0 1.0000000000000013 0.6868100471832005 0.6806379775901884
26.700000000000003 1.0 4 0.0 1.0000000000000009 0.6931286607338694 0.6931101419888116
26.8 1.0 4 0.0 1.0000000000000009 0.6859537318259298 0.6789531936728432
26.900000000000002 1.0 4 0.0 1.0000000000000009 0.6660092474349717 0.6417575235576496
27.0 1.0 4 0.0 1.0000000000000009 0.6353731664506582 0.5910084374249135
27.1 1.0 4 0.0 1.0000000000000009 0.5974669726327362 0.5385237417056137
27.200000000000003 1.0 4 0.0 1.0000000000000009 0.5562759906621909 0.49252058664356085
27.3 1.0 4 0.0 1.0000000000000009 0.5144698437224641 0.4531866525645532
27.400000000000002 1.0 4 0.0 1.0000000000000009 0.4715619628871766 0.41285844420073037
27.5 1.0 4 0.0 1.0000000000000009 0.4241788758597375 0.36174861518203244
27.6 1.0 4 0.0 1.0000000000000009 0.368794829873997 0.2962087651443559
27.700000000000003 1.0 4 0.0 1.0000000000000004 0.30465355917439585 0.2219541185865417
27.8 1.0 4 0.0 1.0000000000000004 0.2345786390257588 0.14943064214675653
27.900000000000002 1.0 4 0.0 1.0000000000000009 0.16360769596496136 0.08770354846364117
28.0 1.0 4 0.0 1.0000000000000004 0.09756391360949143 0.042132272911477496
28.1 1.0 4 0.0 1.0000000000000004 0.04455338000168274 0.015157386268391174
28.200000000000003 1.0 4 0.0 1.0 0.023432844839372236 0.007850979411788767
28.3 1.0 4 0.0 0.9999999999999998 0.05776579575084922 0.02091814396878127
28.400000000000002 1.0 4 0.0 0.9999999999999998 0.11905989041832843 0.054752314036285527
28.5 1.0 4 0.0 1.0 0.19352756707986035 0.10853649559022316
28.6 1.0 4 0.0 1.0 0.27098449188515056 0.1786463251739356
28.700000000000003 1.0 4 0.0 1.0000000000000004 0.3423166111040097 0.2572353014829731
28.8 1.0 4 0.0 1.0000000000000004 0.4029538375182749 0.3330657872045781
28.900000000000002 1.0 4 0.0 1.0000000000000004 0.4537532191463792 0.39660405021030815
29.0 1.0 4 0.0 1.0 0.49871054430450784 0.4465620042152198
29.1 1.0 4 0.0 1.0000000000000004 0.5421520877474499 0.49006619225137577
29.200000000000003 1.0 4 0.0 1.0000000000000004 0.5848996570691662 0.5350509620338246
29.3 1.0 4 0.0 1.0000000000000004 0.6237945891179991 0.5827733214568251
29.400000000000002 1.0 4 0.0 1.0000000000000009 0.6541763437527046 0.6264268614673698
29.5 1.0 4 0.0 1.0000000000000004 0.6725808888402706 0.655853988299063
29.6 1.0 4 0.0 1.0000000000000009 0.677885963453636 0.6641712066626612
29.700000000000003 1.0 4 0.0 1.0000000000000004 0.6710750202730587 0.6506966059033318
29.8 1.0 4 0.0 1.0000000000000004 0.6545154218496507 0.6197452496783372
29.900000000000002 1.0 4 0.0 1.0000000000000004 0.6313235232722514 0.5791310148732264
30.0 1.0 4 0.0 1.0000000000000009 0.6048866953824267 0.5385263555427737
30.1 1.0 4 0.0 1.0000000000000004 0.5782369570953649 0.5058130137241635
30.200000000000003 1.0 4 0.0 1.0000000000000004 0.5529545713763856 0.4827658615992304
30.3 1.0 4 0.0 1.0 0.528085326787859 0.46306290008899104
30.400000000000002 1.0 4 0.0 1.0 0.5003321924090963 0.4350175031988214
30.5 1.0 4 0.0 1.0 0.46581352518413105 0.38933939260452516
30.6 1.0 4 0.0 1.0 0.4219713209163725 0.32635276997840945
30.700000000000003 1.0 4 0.0 1.0 0.36835516196439383 0.2551600771816063
30.8 1.0 4 0.0 1.0 0.30661464009739836 0.18687216751576763
30.900000000000002 1.0 4 0.0 1.0 0.24073438779380804 0.1297934284604608
31.0 1.0 4 0.0 0.9999999999999998 0.1780419808530341 0.08885137975073654
31.1 1.0 4 0.0 0.9999999999999998 0.13177876479708694 0.06693576135465072
31.200000000000003 1.0 4 0.0 1.0 0.12931845363970212 0.06608623353226514
31.3 1.0 4 0.0 1.0 0.1742502296622577 0.08778813572365185
31.400000000000002 1.0 4 0.0 1.0 0.240335050496589 0.13227991254442534
31.5 1.0 4 0.0 1.0 0.3130051048405984 0.19700442113929967
31.6 1.0 4 0.0 0.9999999999999998 0.3810257952683059 0.2747786965931457
31.700000000000003 1.0 4 0.0 1.0 0.4360073313359714 0.35349398824036243
31.8 1.0 4 0.0 1.0 0.47529396689491116 0.4202509784005968
31.900000000000002 1.0 4 0.0 1.0 0.5067883877509287 0.4692864946415813
32.0 1.0 4 0.0 1.0 0.5376946301163593 0.5052705014680842
32.1 1.0 4 0.0 1.0 0.5693545346394021 0.5365945153188648
32.2 1.0 4 0.0 1.0000000000000004 0.5990856693092942 0.566412331242477
32.300000000000004 1.0 4 0.0 1.0000000000000004 0.622052784340993 0.590443707482895
32.4 1.0 4 0.0 1.0000000000000004 0.6346360475155927 0.6020682946333248
32.5 1.0 4 0.0 1.0000000000000004 0.6362060819297949 0.598811291556821
32.6 1.0 4 0.0 1.0000000000000009 0.628982615404725 0.5836736261679156
32.7 1.0 4 0.0 1.0000000000000004 0.6169032702028389 0.5619189224471149
32.800000000000004 1.0 4 0.0 1.0000000000000004 0.6042833217644931 0.5389085105318524
32.9 1.0 4 0.0 1.0000000000000004 0.5946015416420228 0.5202237180159561
33.0 1.0 4 0.0 1.0000000000000004 0.5896091603375267 0.5110153475264997
33.1 1.0 4 0.0 1.0000000000000009 0.5888237970953419 0.5131800720313439
33.2 1.0 4 0.0 1.0000000000000009 0.5893842768728322 0.5220975735716239
33.300000000000004 1.0 4 0.0 1.0000000000000009 0.5865795124788665 0.5259441776553027
33.4 1.0 4 0.0 1.0000000000000009 0.5752157349847412 0.5106067222982457
33.5 1.0 4 0.0 1.0000000000000009 0.5511999822564058 0.4691605026624963
33.6 1.0 4 0.0 1.0000000000000004 0.5126239154435593 0.4069923089728715
33.7 1.0 4 0.0 1.0000000000000004 0.4602754721724429 0.3368330501436589
33.800000000000004 1.0 4 0.0 1.0000000000000004 0.3979342143206712 0.2709125545369932
33.9 1.0 4 0.0 1.0000000000000009 0.3328399117573965 0.21764475410242276
34.0 1.0 4 0.0 1.0000000000000004 0.27685581390153097 0.18219147169235744
34.1 1.0 4 0.0 1.0000000000000004 0.24876741499671165 0.16788019343567154
34.2 1.0 4 0.0 1.0000000000000004 0.26502295725742375 0.17693634853430942
34.300000000000004 1.0 4 0.0 1.0000000000000004 0.31382570344156274 0.2101415914030146
34.4 1.0 4 0.0 1.0000000000000009 0.37453596937007666 0.26542372739004066
34.5 1.0 4 0.0 1.0000000000000009 0.43336546865125947 0.33581646080398597
34.6 1.0 4 0.0 1.0000000000000009 0.48069524123875723 0.4085327820585662
34.7 1.0 4 0.0 1.0000000000000004 0.511809618951965 0.4686094625638897
34.800000000000004 1.0 4 0.0 1.0 0.5286310061603293 0.5077601611642866
34.9 1.0 4 0.0 1.0 0.5413043000705853 0.5295860231735787
35.0 1.0 4 0.0 1.0 0.555920498236523 0.5431961243237856
35.1 1.0 4 0.0 1.0000000000000004 0.5706533307920099 0.5531435815094721
35.2 1.0 4 0.0 1.0 0.5812644187569531 0.5568481590212869
35.300000000000004 1.0 4 0.0 1.0 0.5841487997320858 0.550127830007091
35.4 1.0 4 0.0 1.0000000000000004 0.5788580947997799 0.5336459819413583
35.5 1.0 4 0.0 1.0000000000000004 0.5684078386934454 0.5133273900714461
35.6 1.0 4 0.0 1.0 0.5580849441196718 0.49601437190587117
35.7 1.0 4 0.0 1.0 0.5536174246755734 0.48647866805088
35.800000000000004 1.0 4 0.0 1.0 0.5590643689882677 0.48769885857718687
35.9 1.0 4 0.0 1.0000000000000004 0.5750728090368725 0.5018405449487786
36.0 1.0 4 0.0 1.0 0.5986265829408287 0.529479187866078
36.1 1.0 4 0.0 1.0 0.6241824063114831 0.5669515622933978
36.2 1.0 4 0.0 0.9999999999999996 0.6451014607288992 0.603773079255876
36.300000000000004 1.0 4 0.0 0.9999999999999991 0.6550309712916329 0.6236861499740762
36.4 1.0 4 0.0 0.9999999999999993 0.6491881000792183 0.6125894579828729
36.5 1.0 4 0.0 0.9999999999999991 0.6253003136739477 0.5688492037543882
36.6 1.0 4 0.0 0.9999999999999991 0.5840916869608571 0.5041432772932346
36.7 1.0 4 0.0 0.9999999999999991 0.5294444633637148 0.43439320729230707
36.800000000000004 1.0 4 0.0 0.9999999999999991 0.4684712182694297 0.3722154257356233
36.9 1.0 4 0.0 0.9999999999999991 0.41173707935082804 0.32541717632064215
37.0 1.0 4 0.0 0.9999999999999989 0.37314904524480924 0.2984338876678423
37.1 1.0 4 0.0 0.9999999999999991 0.36493229519877957 0.2937477325955655
37.2 1.0 4 0.0 0.9999999999999993 0.38641980213339766 0.3121658032184122
37.300000000000004 1.0 4 0.0 0.9999999999999991 0.4264864140312147 0.3517627978894518
37.4 1.0 4 0.0 0.9999999999999993 0.4704307271933313 0.4059819053596767
37.5 1.0 4 0.0 0.9999999999999993 0.507226250963712 0.4627472833560344
37.6 1.0 4 0.0 0.9999999999999993 0.5314285680389083 0.5079744428549589
37.7 1.0 4 0.0 0.9999999999999993 0.5430590792827079 0.5339603637827027
37.800000000000004 1.0 4 0.0 0.9999999999999991 0.5468237670819482 0.5441790110566
37.9 1.0 4 0.0 0.9999999999999993 0.5491038404775815 0.5470414011871169
38.0 1.0 4 0.0 0.9999999999999996 0.5510390021973485 0.5461533942124226
38.1 1.0 4 0.0 0.9999999999999996 0.5496191365544751 0.5380146827607061
38.2 1.0 4 0.0 0.9999999999999991 0.5415406915194283 0.5182297085064013
38.300000000000004 1.0 4 0.0 0.9999999999999989 0.5263181472042697 0.48873339950722466
38.400000000000006 1.0 4 0.0 0.9999999999999991 0.5073851818159538 0.45796604438439587
38.5 1.0 4 0.0 0.9999999999999991 0.49129837162191636 0.4353142029875218
38.6 1.0 4 0.0 0.9999999999999991 0.485881441884249 0.4269524496146311
38.7 1.0 4 0.0 0.9999999999999989 0.4973001795722126 0.435577755239288
38.800000000000004 1.0 4 0.0 0.9999999999999989 0.5264378577746723 0.4618020313080519
38.900000000000006 1.0 4 0.0 0.9999999999999989 0.5679253827998978 0.5047200881732614
39.0 1.0 4 0.0 0.9999999999999987 0.6131655210826658 0.5606938919528489
39.1 1.0 4 0.0 0.9999999999999982 0.6534260583972291 0.620936567730956
39.2 1.0 4 0.0 0.9999999999999982 0.6813746083614868 0.6701946376852888
39.300000000000004 1.0 4 0.0 0.9999999999999984 0.69193786610938 0.6907360776515642
39.400000000000006 1.0 4 0.0 0.9999999999999984 0.6828882003615884 0.6730635694791564
39.5 1.0 4 0.0 0.9999999999999987 0.6551233200637776 0.6236183473609817
39.6 1.0 4 0.0 0.9999999999999987 0.6126160080623874 0.5592784228599859
39.7 1.0 4 0.0 0.9999999999999989 0.5620940387170579 0.496335090698808
39.800000000000004 1.0 4 0.0 0.9999999999999989 0.5125349470848116 0.44523778582589035
39.900000000000006 1.0 4 0.0 0.9999999999999989 0.4741644844387057 0.4111698836084331
40.0 1.0 4 0.0 0.9999999999999989 0.4554390863708582 0.39624338760689254
40.1 1.0 4 0.0 0.9999999999999989 0.45804046383809205 0.4008167788974762
40.2 1.0 4 0.0 0.9999999999999987 0.4760676896276583 0.4231723201495901
40.300000000000004 1.0 4 0.0 0.9999999999999984 0.5005119695263144 0.4580344711462494
40.400000000000006 1.0 4 0.0 0.9999999999999982 0.5231689952731418 0.49585652755550186
40.5 1.0 4 0.0 0.9999999999999982 0.5388310490199989 0.5257325223615409
40.6 1.0 4 0.0 0.9999999999999982 0.5464210758058936 0.5419039625751274
40.7 1.0 4 0.0 0.9999999999999976 0.54845770089736 0.5471120727994342
40.800000000000004 1.0 4 0.0 0.9999999999999976 0.5482859155701187 0.54723569474759
40.900000000000006 1.0 4 0.0 0.9999999999999978 0.5464587217275763 0.542959577666249
41.0 1.0 4 0.0 0.999999999999998 0.5393420382042107 0.5279710158758577
41.1 1.0 4 0.0 0.9999999999999982 0.522538293230918 0.4961399986392936
41.2 1.0 4 0.0 0.9999999999999982 0.49471574930846246 0.45021515443214916
41.300000000000004 1.0 4 0.0 0.9999999999999982 0.4598156387919706 0.4016405479944986
41.400000000000006 1.0 4 0.0 0.999999999999998 0.42679322906639133 0.3630018116774923
41.5 1.0 4 0.0 0.999999999999998 0.40652005876989245 0.3425295773112029
41.6 1.0 4 0.0 0.9999999999999982 0.409631029837563 0.34358460391228296
41.7 1.0 4 0.0 0.999999999999998 0.44001164674837917 0.3663361199404692
41.800000000000004 1.0 4 0.0 0.9999999999999978 0.4902470612655734 0.40906868692397796
41.900000000000006 1.0 4 0.0 0.999999999999998 0.5479293896490853 0.46811953270235934
42.0 1.0 4 0.0 0.999999999999998 0.6020226242796225 0.5364623336684163
42.1 1.0 4 0.0 0.999999999999998 0.6443406084127887 0.6019377722855613
42.2 1.0 4 0.0 0.9999999999999982 0.6697049361028607 0.6479519200660566
42.300000000000004 1.0 4 0.0 0.9999999999999982 0.676054692430127 0.660388659172207
42.400000000000006 1.0 4 0.0 0.9999999999999984 0.6644596930153275 0.6378960834861268
42.5 1.0 4 0.0 0.9999999999999984 0.6388569912817341 0.5934275125047265
42.6 1.0 4 0.0 0.9999999999999984 0.6053978869122566 0.5443797930663706
42.7 1.0 4 0.0 0.9999999999999984 0.5714335869486136 0.5033843796829626
42.800000000000004 1.0 4 0.0 0.9999999999999984 0.5442247413728087 0.4762467593203354
42.900000000000006 1.0 4 0.0 0.9999999999999984 0.5291808514374781 0.46413714506589204
43.0 1.0 4 0.0 0.9999999999999984 0.5277472963083807 0.46617128996968255
43.1 1.0 4 0.0 0.9999999999999984 0.5367174935189379 0.480356315515572
43.2 1.0 4 0.0 0.9999999999999984 0.5500160299204155 0.5026948059584575
43.300000000000004 1.0 4 0.0 0.9999999999999982 0.5613049310719067 0.526275351394823
43.400000000000006 1.0 4 0.0 0.9999999999999984 0.5661339987993614 0.5431971572242263
43.5 1.0 4 0.0 0.999999999999998 0.5634227092295377 0.5494617298628028
43.6 1.0 4 0.0 0.9999999999999978 0.5556600105748075 0.54742230906223
43.7 1.0 4 0.0 0.999999999999998 0.5469333738162995 0.5411981863503726
43.800000000000004 1.0 4 0.0 0.999999999999998 0.539709375538676 0.529424350096165
43.900000000000006 1.0 4 0.0 0.999999999999998 0.5298168444078846 0.5039010518174757
44.0 1.0 4 0.0 0.999999999999998 0.5079066731608745 0.45752006833785086
44.1 1.0 4 0.0 0.999999999999998 0.4704907460271152 0.39385043516889534
44.2 1.0 4 0.0 0.9999999999999978 0.42032255164232657 0.3263949221699535
44.300000000000004 1.0 4 0.0 0.9999999999999978 0.3655252256482157 0.269612670368257
44.400000000000006 1.0 4 0.0 0.999999999999998 0.3188494653204326 0.23279896090625118
44.5 1.0 4 0.0 0.9999999999999982 0.29911690718053435 0.21967413902784008
44.6 1.0 4 0.0 0.9999999999999984 0.3184668667174307 0.23032047644366863
44.7 1.0 4 0.0 0.9999999999999984 0.3685230476101357 0.2628796009755761
44.800000000000004 1.0 4 0.0 0.9999999999999987 0.43152909926672356 0.31416529717858904
44.900000000000006 1.0 4 0.0 0.9999999999999982 0.4940772905185751 0.3790952013102954
45.0 1.0 4 0.0 0.9999999999999987 0.5474072486683657 0.449267071777358
45.1 1.0 4 0.0 0.9999999999999984 0.5863844543578444 0.512040463836441
45.2 1.0 4 0.0 0.9999999999999989 0.6090727562210996 0.5532106984790466
45.300000000000004 1.0 4 0.0 0.9999999999999989 0.6165029496700114 0.5649944998572785
45.400000000000006 1.0 4 0.0 0.9999999999999993 0.6122898834035555 0.5526967204199785
45.5 1.0 4 0.0 0.9999999999999991 0.6017972834347372 0.5308960975426327
45.6 1.0 4 0.0 0.9999999999999991 0.590785518383719 0.5133851709787628
45.7 1.0 4 0.0 0.9999999999999991 0.5839440919475535 0.5071885232320361
45.800000000000004 1.0 4 0.0 0.9999999999999991 0.5838376939023825 0.5127119077297988
45.900000000000006 1.0 4 0.0 0.9999999999999989 0.590365906951031 0.5267535917224743
46.0 1.0 4 0.0 0.9999999999999989 0.6007867680689318 0.5451991538785894
46.1 1.0 4 0.0 0.9999999999999989 0.6105645324647737 0.5635875138195224
46.2 1.0 4 0.0 0.9999999999999989 0.6148397405328241 0.5763891244147086
46.300000000000004 1.0 4 0.0 0.9999999999999984 0.6100481091376816 0.5781609415491733
46.400000000000006 1.0 4 0.0 0.9999999999999987 0.5953511808392529 0.5673986713825396
46.5 1.0 4 0.0 0.9999999999999987 0.5732539028388619 0.5481831488994194
46.6 1.0 4 0.0 0.9999999999999989 0.5484147762942193 0.5255418223031462
46.7 1.0 4 0.0 0.9999999999999989 0.5244688086810158 0.4987330380730064
46.800000000000004 1.0 4 0.0 0.9999999999999987 0.501575938995724 0.46011102175582375
46.900000000000006 1.0 4 0.0 0.9999999999999984 0.4719508685430794 0.4025107266797411
47.0 1.0 4 0.0 0.9999999999999989 0.4263635677988492 0.32848436597384056
47.1 1.0 4 0.0 0.9999999999999984 0.3657273426932815 0.250327627553603
47.2 1.0 4 0.0 0.9999999999999987 0.29726433418158976 0.18193819763726035
47.300000000000004 1.0 4 0.0 0.9999999999999987 0.2319727465997822 0.13266378014193764
47.400000000000006 1.0 4 0.0 0.9999999999999984 0.1845073854381571 0.10650369772680605
47.5 1.0 4 0.0 0.9999999999999982 0.17869752279659454 0.1038442052373962
47.6 1.0 4 0.0 0.9999999999999982 0.21932173570593827 0.12324931177941838
47.7 1.0 4 0.0 0.9999999999999982 0.2805598518982939 0.16243028041857277
47.800000000000004 1.0 4 0.0 0.9999999999999982 0.34641272086291763 0.2182067147829642
47.900000000000006 1.0 4 0.0 0.9999999999999984 0.4078183368419386 0.28550513224767254
48.0 1.0 4 0.0 0.9999999999999982 0.4596867537205431 0.3559614213533864
48.1 1.0 4 0.0 0.9999999999999982 0.49985177028660543 0.4179980789673379
48.2 1.0 4 0.0 0.9999999999999984 0.5286331670638315 0.4610972356798031
48.300000000000004 1.0 4 0.0 0.9999999999999984 0.5485897050031143 0.483135562715443
48.400000000000006 1.0 4 0.0 0.9999999999999984 0.5638719806292756 0.4927942190166667
48.5 1.0 4 0.0 0.9999999999999982 0.5787328867886941 0.5029587044545673
48.6 1.0 4 0.0 0.999999999999998 0.5957590387362113 0.5222626239285226
48.7 1.0 4 0.0 0.999999999999998 0.6150505549064329 0.5515795613233144
48.800000000000004 1.0 4 0.0 0.999999999999998 0.6346579860398733 0.5854714920505688
48.900000000000006 1.0 4 0.0 0.999999999999998 0.6514451425867912 0.6159609388948701
49.0 1.0 4 0.0 0.999999999999998 0.6618092026972346 0.6357145132556653
49.1 1.0 4 0.0 0.999999999999998 0.6623793575692254 0.6391723540990547
49.2 1.0 4 0.0 0.999999999999998 0.650884930893019 0.6236269488017073
49.300000000000004 1.0 4 0.0 0.9999999999999982 0.6271364725962298 0.59169733138686
49.400000000000006 1.0 4 0.0 0.9999999999999982 0.593652743383887 0.5513046219418751
49.5 1.0 4 0.0 0.999999999999998 0.5550204523657326 0.5102659872282131
49.6 1.0 4 0.0 0.999999999999998 0.5154131856040078 0.4699238710586696
49.7 1.0 4 0.0 0.9999999999999978 0.47548415745531764 0.4239331556732551
49.800000000000004 1.0 4 0.0 0.9999999999999978 0.43168411630623044 0.3642921497363603
49.900000000000006 1.0 4 0.0 0.9999999999999982 0.37907471321045216 0.290147191320982
50.0 1.0 4 0.0 0.999999999999998 0.3129813769110479 0.21014088224357672
50.1 1.0 4 0.0 0.999999999999998 0.2378837589315051 0.1364584688976798
50.2 1.0 4 0.0 0.9999999999999982 0.16302802107690434 0.07849125499927746
50.300000000000004 1.0 4 0.0 0.9999999999999982 0.0992254062519123 0.04097069810478945
50.400000000000006 1.0 4 0.0 0.999999999999998 0.060604287102401615 0.02511835429545023
50.5 1.0 4 0.0 0.9999999999999982 0.07574893072867087 0.0303831074053535
50.6 1.0 4 0.0 0.9999999999999984 0.12686448742632425 0.05561476307923881
50.7 1.0 4 0.0 0.9999999999999989 0.1909603680920933 0.09932452108757572
50.800000000000004 1.0 4 0.0 0.9999999999999989 0.25829612641792893 0.15896833965263005
50.900000000000006 1.0 4 0.0 0.9999999999999989 0.32335644711769135 0.2295058796133318
51.0 1.0 4 0.0 0.9999999999999987 0.38247240893341033 0.302311812315601
51.1 1.0 4 0.0 0.9999999999999984 0.43344538980843067 0.3667252686944142
51.2 1.0 4 0.0 0.9999999999999982 0.4764792391992177 0.41569962876888755
51.300000000000004 1.0 4 0.0 0.999999999999998 0.5143835501551435 0.45143833576078934
51.400000000000006 1.0 4 0.0 0.9999999999999982 0.5507609366252261 0.48378028006643703
51.5 1.0 4 0.0 0.9999999999999982 0.5873434979143431 0.5222288989947544
51.6 1.0 4 0.0 0.9999999999999984 0.6228236624705507 0.5693284658991098
51.7 1.0 4 0.0 0.9999999999999982 0.6538749350993112 0.6193058771233794
51.800000000000004 1.0 4 0.0 0.9999999999999982 0.6768782682051735 0.6613177926473115
51.900000000000006 1.0 4 0.0 0.9999999999999984 0.6889485848625009 0.6848102012386618
52.0 1.0 4 0.0 0.9999999999999982 0.6882309520685489 0.683539891096679
52.1 1.0 4 0.0 0.9999999999999982 0.6740510646690007 0.6572171069769404
52.2 1.0 4 0.0 0.9999999999999982 0.6472448933943229 0.6121400414914459
52.300000000000004 1.0 4 0.0 0.9999999999999982 0.6104853146981627 0.5593826186321477
52.400000000000006 1.0 4 0.0 0.9999999999999982 0.5679198613014554 0.5091396630654568
52.5 1.0 4 0.0 0.9999999999999984 0.5234462986253886 0.4648168036148562
52.6 1.0 4 0.0 0.9999999999999984 0.47821349456585605 0.42130881900103134
52.7 1.0 4 0.0 0.9999999999999987 0.4295977475037476 0.36926769146487726
52.800000000000004 1.0 4 0.0 0.9999999999999987 0.37328147515498417 0.3034229954651467
52.900000000000006 1.0 4 0.0 0.9999999999999989 0.3069414613268477 0.22777485201316328
53.0 1.0 4 0.0 0.9999999999999987 0.23249081856494602 0.15252973207630102
53.1 1.0 4 0.0 0.9999999999999989 0.15567289756334204 0.08757375802523046
53.2 1.0 4 0.0 0.9999999999999991 0.08429888626373777 0.039058113602586694
53.300000000000004 1.0 4 0.0 0.9999999999999984 0.027507776271165685 0.00964577698276189
53.400000000000006 1.0 4 0.0 0.9999999999999984 0.0004739148887104275 9.010353841110086e-05
53.5 1.0 4 0.0 0.9999999999999982 0.029625694981816976 0.010536436198484015
53.6 1.0 4 0.0 0.999999999999998 0.08778951790997609 0.04095930453218256
53.7 1.0 4 0.0 0.9999999999999976 0.16032854877175223 0.09061980014966654
53.800000000000004 1.0 4 0.0 0.9999999999999978 0.23785189519536673 0.15669022859468107
53.900000000000006 1.0 4 0.0 0.9999999999999978 0.3123389629610701 0.23269443006486332
54.0 1.0 4 0.0 0.999999999999998 0.3781518668371393 0.3084691164956006
54.1 1.0 4 0.0 0.9999999999999978 0.4337948137399007 0.37393861594402006
54.2 1.0 4 0.0 0.999999999999998 0.4820312427326721 0.42570448412828643
54.300000000000004 1.0 4 0.0 0.999999999999998 0.5272753589468936 0.469528676328152
54.400000000000006 1.0 4 0.0 0.999999999999998 0.5718197897159246 0.5145595353589032
54.5 1.0 4 0.0 0.999999999999998 0.6140574454139822 0.5650991954480842
54.6 1.0 4 0.0 0.9999999999999978 0.6498517843652152 0.616876234522208
54.7 1.0 4 0.0 0.9999999999999978 0.675128292886694 0.6593906396738557
54.800000000000004 1.0 4 0.0 0.9999999999999978 0.6874933065620901 0.6821442112427971
54.900000000000006 1.0 4 0.0 0.999999999999998 0.6864682546879186 0.6799399124838071
55.0 1.0 4 0.0 0.9999999999999984 0.6730811592535151 0.6540675725595487
55.1 1.0 4 0.0 0.9999999999999984 0.649481708295241 0.6113659827405168
55.2 1.0 4 0.0 0.9999999999999984 0.6187297682437981 0.5624510954404686
55.300000000000004 1.0 4 0.0 0.9999999999999984 0.5844193918852152 0.5176643654639809
55.400000000000006 1.0 4 0.0 0.9999999999999982 0.5495954880249048 0.4819242214060735
55.5 1.0 4 0.0 0.9999999999999982 0.5151129206852634 0.4518162747309911
55.6 1.0 4 0.0 0.9999999999999982 0.4788835527959624 0.4173172941585817
55.7 1.0 4 0.0 0.9999999999999984 0.43725855810158054 0.36871008568469676
55.800000000000004 1.0 4 0.0 0.9999999999999984 0.38757888690907627 0.30439289382944806
55.900000000000006 1.0 4 0.0 0.9999999999999987 0.3296672250757409 0.23189922615851277
56.0 1.0 4 0.0 0.9999999999999987 0.26552797250685956 0.16196097791107653
56.1 1.0 4 0.0 0.9999999999999984 0.1987233948950457 0.10305913539791076
56.2 1.0 4 0.0 0.999999999999998 0.1350404649391335 0.06013433500633815
56.300000000000004 1.0 4 0.0 0.999999999999998 0.08490672237900888 0.03575826661737562
56.400000000000006 1.0 4 0.0 0.999999999999998 0.07278179785082471 0.03152649670464823
56.5 1.0 4 0.0 0.9999999999999978 0.11321374508374173 0.04867959373521729
56.6 1.0 4 0.0 0.999999999999998 0.17789113574042467 0.08774310942620459
56.7 1.0 4 0.0 0.999999999999998 0.252698783413404 0.14726910750530584
56.800000000000004 1.0 4 0.0 0.9999999999999978 0.3267058436652752 0.22206724500664404
56.900000000000006 1.0 4 0.0 0.9999999999999978 0.39078410564013705 0.3021931581961695
57.0 1.0 4 0.0 0.9999999999999978 0.44077401796904764 0.37524134211355326
57.1 1.0 4 0.0 0.9999999999999978 0.48227135743601207 0.43307567008409703
57.2 1.0 4 0.0 0.999999999999998 0.5205880968150661 0.47737992404002844
57.300000000000004 1.0 4 0.0 0.9999999999999982 0.5588804145799986 0.516368754717695
57.400000000000006 1.0 4 0.0 0.9999999999999982 0.5960126476262212 0.5557565476309742
57.5 1.0 4 0.0 0.999999999999998 0.6275775749866288 0.5934071859601943
57.6 1.0 4 0.0 0.999999999999998 0.6491192640661722 0.6214297925720144
57.7 1.0 4 0.0 0.9999999999999982 0.6584815169773246 0.632851594868918
57.800000000000004 1.0 4 0.0 0.999999999999998 0.6562731335419267 0.6263358465657691
57.900000000000006 1.0 4 0.0 0.9999999999999982 0.6451277654188008 0.605357539027659
58.0 1.0 4 0.0 0.9999999999999982 0.628654429287082 0.5756181900297838
58.1 1.0 4 0.0 0.999999999999998 0.6105080975026765 0.5442032752929146
58.2 1.0 4 0.0 0.999999999999998 0.5936415201411723 0.5185557487325678
58.300000000000004 1.0 4 0.0 0.9999999999999978 0.5795876410234916 0.5033612980020832
58.400000000000006 1.0 4 0.0 0.9999999999999978 0.5677011955246942 0.49690651548757264
58.5 1.0 4 0.0 0.999999999999998 0.5549242363078621 0.48983031527549514
58.6 1.0 4 0.0 0.9999999999999982 0.5367636126586347 0.46896280428736214
58.7 1.0 4 0.0 0.9999999999999982 0.5090430074272969 0.42601786783785056
58.800000000000004 1.0 4 0.0 0.9999999999999982 0.46929400424030265 0.3638585925955599
58.900000000000006 1.0 4 0.0 0.9999999999999984 0.4173717377520083 0.29348387245414753
59.0 1.0 4 0.0 0.9999999999999987 0.35573187749296376 0.22656836583707293
59.1 1.0 4 0.0 0.9999999999999984 0.2898914101755608 0.1714346985382236
59.2 1.0 4 0.0 0.9999999999999984 0.22951155173024937 0.13314885392173065
59.300000000000004 1.0 4 0.0 0.9999999999999982 0.1914898398123728 0.11492864108351945
59.400000000000006 1.0 4 0.0 0.9999999999999984 0.20035532585011143 0.11908006238013749
59.5 1.0 4 0.0 0.9999999999999987 0.24875626415787522 0.14694973956967167
59.6 1.0 4 0.0 0.9999999999999984 0.3136470739754092 0.19786052104548854
59.7 1.0 4 0.0 0.9999999999999984 0.380536209035846 0.26724961635148103
59.800000000000004 1.0 4 0.0 0.9999999999999984 0.4386465952096336 0.34502737401055616
59.900000000000006 1.0 4 0.0 0.9999999999999984 0.48124656019357887 0.4168690087364822
60.0 1.0 4 0.0 0.9999999999999987 0.5080790775510237 0.4710376111432976
60.1 1.0 4 0.0 0.9999999999999989 0.5288160409093193 0.5062543670171861
60.2 1.0 4 0.0 0.9999999999999987 0.550938366937715 0.5303476752912414
60.300000000000004 1.0 4 0.0 0.9999999999999989 0.5738565993293229 0.5504825551413685
60.400000000000006 1.0 4 0.0 0.9999999999999989 0.5937070192471225 0.5666097384723994
60.5 1.0 4 0.0 0.9999999999999989 0.605980872341596 0.5736558092890095
60.6 1.0 4 0.0 0.9999999999999991 0.6085822010491793 0.568454919770365
60.7 1.0 4 0.0 0.9999999999999993 0.6028139848681906 0.5535766180938531
60.800000000000004 1.0 4 0.0 0.9999999999999991 0.5926200754641018 0.5349177699980907
60.900000000000006 1.0 4 0.0 0.9999999999999993 0.5830716974949538 0.5179143053442324
61.0 1.0 4 0.0 0.9999999999999996 0.5786661784914116 0.5067356505869862
61.1 1.0 4 0.0 0.9999999999999993 0.5817998251313804 0.5051060021388306
61.2 1.0 4 0.0 0.9999999999999993 0.5919919741690308 0.5156832020432325
61.300000000000004 1.0 4 0.0 0.9999999999999993 0.6060554031242664 0.5373558272698075
61.400000000000006 1.0 4 0.0 0.9999999999999993 0.6188330132681616 0.5623212270167377
61.5 1.0 4 0.0 0.9999999999999993 0.6243636115407571 0.5762004689235203
61.6 1.0 4 0.0 0.9999999999999993 0.6173426832188453 0.5644663700321404
61.7 1.0 4 0.0 0.9999999999999991 0.5943945307031195 0.5226071685549161
61.800000000000004 1.0 4 0.0 0.9999999999999991 0.55483129145695 0.4592929203272621
61.900000000000006 1.0 4 0.0 0.9999999999999989 0.5009915427152816 0.389126239251901
62.0 1.0 4 0.0 0.9999999999999991 0.43844790103088616 0.32474256683715896
62.1 1.0 4 0.0 0.9999999999999993 0.37642082685394324 0.27442239870122404
62.2 1.0 4 0.0 0.9999999999999998 0.32869186217214547 0.24313474000379567
62.300000000000004 1.0 4 0.0 0.9999999999999998 0.3122639631018177 0.23395359251805792
62.400000000000006 1.0 4 0.0 0.9999999999999996 0.333155704964975 0.24855885564188018
62.5 1.0 4 0.0 0.9999999999999996 0.37917806872577914 0.2865227706299803
62.6 1.0 4 0.0 0.9999999999999998 0.432106600202683 0.34353239471269814
62.7 1.0 4 0.0 0.9999999999999998 0.4796140146651807 0.4095717526044562
62.800000000000004 1.0 4 0.0 0.9999999999999996 0.5141325100064373 0.4699113354338722
62.900000000000006 1.0 4 0.0 0.9999999999999996 0.5335554479858619 0.5119566176431513
63.0 1.0 4 0.0 0.9999999999999993 0.5418149431598105 0.533772618665679
63.1 1.0 4 0.0 0.9999999999999993 0.5478911051664725 0.5432040283194997
63.2 1.0 4 0.0 0.9999999999999993 0.5551993677667475 0.5477604967489691
63.300000000000004 1.0 4 0.0 0.9999999999999987 0.561103580404536 0.5477341853965412
63.400000000000006 1.0 4 0.0 0.9999999999999989 0.5616221078618575 0.5387251945560324
63.5 1.0 4 0.0 0.9999999999999991 0.5546644238341296 0.5191382436357949
63.6 1.0 4 0.0 0.9999999999999989 0.5418031169744304 0.49395284382488613
63.7 1.0 4 0.0 0.9999999999999989 0.5279206644643828 0.47148151233424745
63.800000000000004 1.0 4 0.0 0.9999999999999987 0.5196440333299865 0.45851668154056563
63.900000000000006 1.0 4 0.0 0.9999999999999987 0.5230756343434491 0.45878108139420093
64.0 1.0 4 0.0 0.9999999999999989 0.5410214894182948 0.4739847104504314
64.10000000000001 1.0 4 0.0 0.9999999999999991 0.5712921957673199 0.5046504205076867
64.2 1.0 4 0.0 0.9999999999999989 0.6077870676061158 0.5490832546184446
64.3 1.0 4 0.0 0.9999999999999991 0.6428574447515751 0.6007981897044185
64.4 1.0 4 0.0 0.9999999999999991 0.669077169903286 0.6465005579428303
64.5 1.0 4 0.0 0.9999999999999991 0.6804655920562643 0.6685836613699755
64.60000000000001 1.0 4 0.0 0.9999999999999993 0.6734157093588586 0.6547677132774945
64.7 1.0 4 0.0 0.9999999999999993 0.6472660569601147 0.6075830284062286
64.8 1.0 4 0.0 0.9999999999999991 0.6044994590109563 0.5418822127168349
64.9 1.0 4 0.0 0.9999999999999991 0.5506744968699142 0.4742830483057488
65.0 1.0 4 0.0 0.9999999999999991 0.4942532835604427 0.4166221555687915
65.10000000000001 1.0 4 0.0 0.9999999999999993 0.4462975386114701 0.37556564979982293
65.2 1.0 4 0.0 0.9999999999999991 0.418566103809117 0.3544756653988153
65.3 1.0 4 0.0 0.9999999999999993 0.41708218079070625 0.35479939989508447
65.4 1.0 4 0.0 0.9999999999999993 0.43722966465431107 0.3760397531146489
65.5 1.0 4 0.0 0.9999999999999996 0.4686058681895281 0.4143778465794291
65.60000000000001 1.0 4 0.0 0.9999999999999996 0.5008281684670729 0.461133972947165
65.7 1.0 4 0.0 1.0 0.5261139553837518 0.5037985259897735
65.8 1.0 4 0.0 0.9999999999999996 0.5409662933933039 0.5319984519190467
65.9 1.0 4 0.0 0.9999999999999998 0.5470065793178918 0.544412769574688
66.0 1.0 4 0.0 1.0 0.5484369255143225 0.5475472277578103
66.10000000000001 1.0 4 0.0 0.9999999999999998 0.5481437255379547 0.5467344294468094
66.2 1.0 4 0.0 1.0 0.5450370013161709 0.5399873187974712
66.3 1.0 4 0.0 0.9999999999999998 0.5356305152927384 0.5210349197564789
66.4 1.0 4 0.0 1.0 0.5176895518366712 0.48803414940679146
66.5 1.0 4 0.0 0.9999999999999998 0.49283670764290627 0.4479894486955727
66.60000000000001 1.0 4 0.0 0.9999999999999996 0.46688039003763004 0.41234262979325614
66.7 1.0 4 0.0 0.9999999999999998 0.4485540873082395 0.3904657333443674
66.8 1.0 4 0.0 0.9999999999999998 0.44718295162782534 0.3872498824619247
66.9 1.0 4 0.0 0.9999999999999998 0.4683721126798493 0.4040830336526601
67.0 1.0 4 0.0 0.9999999999999996 0.5093975370182156 0.4403148706831375
67.10000000000001 1.0 4 0.0 0.9999999999999998 0.5609016158528667 0.4934813996981426
67.2 1.0 4 0.0 0.9999999999999996 0.6123662195961691 0.5579405386517168
67.3 1.0 4 0.0 0.9999999999999996 0.6549024611005341 0.6227507550858201
67.4 1.0 4 0.0 0.9999999999999996 0.6820667209611998 0.6713844077146023
67.5 1.0 4 0.0 0.9999999999999998 0.6902751615856314 0.6874445432757833
67.60000000000001 1.0 4 0.0 0.9999999999999998 0.6790558053669453 0.6656764696331491
67.7 1.0 4 0.0 0.9999999999999998 0.6510339140690922 0.6165584442697728
67.8 1.0 4 0.0 0.9999999999999998 0.6115805526604445 0.5579231591825984
67.9 1.0 4 0.0 0.9999999999999996 0.5681426642238648 0.5045180928125694
68.0 1.0 4 0.0 0.9999999999999993 0.5292822866651236 0.46450416107583775
68.10000000000001 1.0 4 0.0 0.9999999999999993 0.5030222665517969 0.4410055634945718
68.2 1.0 4 0.0 0.9999999999999991 0.4938425936692627 0.4345625553407786
68.3 1.0 4 0.0 0.9999999999999993 0.500213922047932 0.4442767793064037
68.4 1.0 4 0.0 0.9999999999999993 0.5159043868178327 0.46715059399614445
68.5 1.0 4 0.0 0.9999999999999991 0.5333873314272842 0.49675682865275794
68.60000000000001 1.0 4 0.0 0.9999999999999989 0.5465561228608644 0.5238562431415839
68.7 1.0 4 0.0 0.9999999999999987 0.5524923784311399 0.5408602961040381
68.8 1.0 4 0.0 0.9999999999999982 0.5521415043340955 0.5468955732112682
68.9 1.0 4 0.0 0.9999999999999982 0.5490150232819107 0.5465670405741305
69.0 1.0 4 0.0 0.9999999999999982 0.5460077887095198 0.5424433353971564
69.10000000000001 1.0 4 0.0 0.9999999999999984 0.5413466193130888 0.529721855943465
69.2 1.0 4 0.0 0.9999999999999984 0.5279328206451126 0.4998317451845235
69.3 1.0 4 0.0 0.9999999999999987 0.5012108528498618 0.4505957668831971
69.4 1.0 4 0.0 0.9999999999999987 0.4617183326303665 0.39120140695049066
69.5 1.0 4 0.0 0.9999999999999987 0.4154949090078799 0.3361399632846165
69.60000000000001 1.0 4 0.0 0.9999999999999984 0.37395727587369265 0.29702258624716543
69.7 1.0 4 0.0 0.9999999999999987 0.352869716362315 0.27978869450653737
69.8 1.0 4 0.0 0.9999999999999987 0.36340191752063344 0.2859238385175891
69.9 1.0 4 0.0 0.9999999999999989 0.4046626847273812 0.3143527682689621
70.0 1.0 4 0.0 0.9999999999999987 0.4630370779363505 0.3623955281483231
70.10000000000001 1.0 4 0.0 0.9999999999999984 0.5245277019159768 0.42541112728689595
70.2 1.0 4 0.0 0.9999999999999984 0.5788923386558681 0.49536628969168967
70.3 1.0 4 0.0 0.9999999999999984 0.619421188141194 0.5595120173750886
70.4 1.0 4 0.0 0.9999999999999984 0.6426544864115331 0.6021920763661467
70.5 1.0 4 0.0 0.999999999999998 0.6482735241108535 0.6126080896445883
70.60000000000001 1.0 4 0.0 0.9999999999999984 0.6388915041314834 0.5933993066866065
70.7 1.0 4 0.0 0.999999999999998 0.6194968551019442 0.558976043402998
70.8 1.0 4 0.0 0.9999999999999982 0.5964254482394872 0.5251365022981622
70.9 1.0 4 0.0 0.9999999999999982 0.5760157384788792 0.5016174192121294
71.0 1.0 4 0.0 0.9999999999999982 0.5632467058017995 0.49138744686316843
71.10000000000001 1.0 4 0.0 0.9999999999999984 0.5604490917168617 0.4933443072930174
71.2 1.0 4 0.0 0.9999999999999987 0.5664356192843055 0.5049533387721032
71.3 1.0 4 0.0 0.9999999999999987 0.5769501706903121 0.5229401293885468
71.4 1.0 4 0.0 0.9999999999999987 0.5863848238946683 0.5423045016110504
71.5 1.0 4 0.0 0.9999999999999987 0.5897804854632847 0.5563114253471996
71.60000000000001 1.0 4 0.0 0.9999999999999984 0.5845743140562073 0.5597849324411553
71.7 1.0 4 0.0 0.9999999999999987 0.5716816170524177 0.5530877940004261
71.8 1.0 4 0.0 0.9999999999999984 0.5549984648641603 0.540758177083018
71.9 1.0 4 0.0 0.9999999999999989 0.5387040150500088 0.5247287163517582
72.0 1.0 4 0.0 0.9999999999999991 0.5243183262753595 0.49958144381574016
72.10000000000001 1.0 4 0.0 0.9999999999999991 0.505097252311067 0.4563298411077403
72.2 1.0 4 0.0 0.9999999999999991 0.47101807505724186 0.3927131558091919
72.3 1.0 4 0.0 0.9999999999999991 0.42078722344556735 0.3182342710405739
72.4 1.0 4 0.0 0.9999999999999991 0.3597299190596578 0.24790574008706476
72.5 1.0 4 0.0 0.9999999999999991 0.2978689353130108 0.19381753040260435
72.60000000000001 1.0 4 0.0 0.9999999999999993 0.24930021668594687 0.1622268252005102
72.7 1.0 4 0.0 0.9999999999999996 0.2353013811338856 0.15476205038629512
72.8 1.0 4 0.0 1.0 0.2665173710040393 0.17043551404215515
72.9 1.0 4 0.0 1.0000000000000004 0.32405784195554355 0.20695347372079023
73.0 1.0 4 0.0 1.0000000000000004 0.389482363861432 0.26096808801161675
73.10000000000001 1.0 4 0.0 1.0000000000000009 0.4515317237153137 0.3272818828437097
73.2 1.0 4 0.0 1.0000000000000009 0.5034520994893097 0.39742874011827495
73.3 1.0 4 0.0 1.0000000000000009 0.5418625791236908 0.4592556802795686
73.4 1.0 4 0.0 1.0000000000000004 0.5662894134202353 0.5005010030731988
73.5 1.0 4 0.0 1.0000000000000009 0.5788626855645407 0.5165994464244605
73.60000000000001 1.0 4 0.0 1.0000000000000004 0.5837671601382126 0.5150369287107569
73.7 1.0 4 0.0 1.0000000000000004 0.586077930063477 0.5097689333153291
73.8 1.0 4 0.0 1.0000000000000004 0.5901246436423714 0.5119479770520362
73.9 1.0 4 0.0 1.0000000000000004 0.5982034929431076 0.5253890247499421
74.0 1.0 4 0.0 1.0000000000000004 0.6102351065221766 0.5474634261396379
74.10000000000001 1.0 4 0.0 1.0000000000000004 0.6240832860641012 0.5724549880893494
74.2 1.0 4 0.0 1.0000000000000004 0.6361459203201059 0.5944042126355311
74.3 1.0 4 0.0 1.0000000000000004 0.642232066287788 0.6077830283528108
74.4 1.0 4 0.0 1.0000000000000004 0.6387113763920996 0.6076073753569522
74.5 1.0 4 0.0 1.0000000000000004 0.6237845075378042 0.5918516074990041
74.60000000000001 1.0 4 0.0 1.0 0.598517220417688 0.5642086121132434
74.7 1.0 4 0.0 1.0 0.5668146597737146 0.5317879557553875
74.8 1.0 4 0.0 1.0000000000000004 0.5334604020665238 0.49836041250374424
74.9 1.0 4 0.0 1.0000000000000004 0.5007364046222293 0.46000044118673294
75.0 1.0 4 0.0 1.0000000000000004 0.466806213986284 0.40826357975308214
75.10000000000001 1.0 4 0.0 1.0000000000000004 0.42468188429818704 0.3393567433175156
75.2 1.0 4 0.0 1.0000000000000004 0.3670962016366914 0.2598999120169641
75.3 1.0 4 0.0 1.0 0.297263350181434 0.18280034133295456
75.4 1.0 4 0.0 0.9999999999999998 0.22387354814215701 0.11957562761373851
75.5 1.0 4 0.0 1.0000000000000004 0.15817565137746536 0.07679671888076421
75.60000000000001 1.0 4 0.0 1.0000000000000004 0.11476821422177433 0.05664584993657876
75.7 1.0 4 0.0 1.0000000000000004 0.12061794614104641 0.058747221928617546
75.8 1.0 4 0.0 1.0000000000000004 0.16846141003716472 0.08163556715719561
75.9 1.0 4 0.0 1.0000000000000004 0.2315436656822111 0.12335562984840331
76.0 1.0 4 0.0 1.0000000000000004 0.29748227573449315 0.18107481932760267
76.10000000000001 1.0 4 0.0 1.0 0.35944105920358 0.2498332249115294
76.2 1.0 4 0.0 1.0 0.4136868152182135 0.3212460421077631
76.3 1.0 4 0.0 1.0000000000000004 0.45862260063448257 0.38428981745725743
76.4 1.0 4 0.0 1.0 0.49469023011786817 0.43034201889415374
76.5 1.0 4 0.0 1.0 0.5244695733770415 0.45973574682472457
76.60000000000001 1.0 4 0.0 1.0000000000000004 0.5517781220215958 0.48200263759499323
76.7 1.0 4 0.0 1.0000000000000004 0.5796047784837648 0.5084216600163487
76.80000000000001 1.0 4 0.0 1.0000000000000004 0.6084170081783764 0.5445147600681904
76.9 1.0 4 0.0 1.0000000000000004 0.63620608520641 0.587632749812608
77.0 1.0 4 0.0 1.0000000000000004 0.6597325872156596 0.6291934430989228
77.10000000000001 1.0 4 0.0 1.0 0.6756356722742082 0.6591926714438773
77.2 1.0 4 0.0 1.0 0.6810038945031409 0.6699421693520375
77.30000000000001 1.0 4 0.0 1.0 0.6737916570637306 0.657782812376623
77.4 1.0 4 0.0 0.9999999999999998 0.6533977006867708 0.6245647516625525
77.5 1.0 4 0.0 1.0 0.6213125726417068 0.5782867592931903
77.60000000000001 1.0 4 0.0 1.0 0.5812270720621416 0.5293849054331027
77.7 1.0 4 0.0 1.0 0.5377310496595694 0.4840444266561366
77.80000000000001 1.0 4 0.0 1.0000000000000004 0.4935878190203616 0.44012728564297976
77.9 1.0 4 0.0 1.0000000000000004 0.44751920347922974 0.3892999959314972
78.0 1.0 4 0.0 1.0000000000000004 0.3950756568449928 0.3248364237784794
78.10000000000001 1.0 4 0.0 1.0000000000000009 0.3324933559815031 0.2487290742818023
78.2 1.0 4 0.0 1.0000000000000004 0.259946471510607 0.17076067018065746
78.30000000000001 1.0 4 0.0 1.0000000000000004 0.18217954085885055 0.10187303497963454
78.4 1.0 4 0.0 1.0000000000000004 0.1081721697429541 0.04947180426017342
78.5 1.0 4 0.0 1.0 0.04797273733460389 0.016887213831377024
78.60000000000001 1.0 4 0.0 1.0 0.015578332865223641 0.004851689090058084
78.7 1.0 4 0.0 1.0 0.03907763601462967 0.013042138549739825
78.80000000000001 1.0 4 0.0 1.0000000000000004 0.09304893002872619 0.04088247669048749
78.9 1.0 4 0.0 1.0 0.16019302707407182 0.0873813964646603
79.0 1.0 4 0.0 1.0000000000000004 0.23263315755241679 0.15004174978267207
79.10000000000001 1.0 4 0.0 1.0000000000000004 0.30405424245397766 0.2232930605829095
79.2 1.0 4 0.0 1.0000000000000004 0.369056651841661 0.2978480883390317
79.30000000000001 1.0 4 0.0 1.0000000000000009 0.42495072303030984 0.3633411803378579
79.4 1.0 4 0.0 1.0000000000000009 0.4728849283677028 0.4145872104597101
79.5 1.0 4 0.0 1.0000000000000009 0.5166294273230694 0.4557824480843457
79.60000000000001 1.0 4 0.0 1.0000000000000009 0.559399997805861 0.49668108015088747
79.7 1.0 4 0.0 1.0000000000000009 0.6012484947290717 0.5442761917021568
79.80000000000001 1.0 4 0.0 1.0000000000000004 0.6391376967859552 0.5974594731277659
79.9 1.0 4 0.0 1.0000000000000004 0.6689873530528834 0.6473339561162709
80.0 1.0 4 0.0 1.0000000000000004 0.6875297032024497 0.6820579758643375
